meioX,meioY
2571,2768
1178,415
1938,419
1172,781
3114,2286
2268,1047
2496,804
4580,2651
5355,2718
108,2315
692,773
3043,3627
1346,1102
4475,3007
2003,708
4379,3338
4276,29
3325,2023
594,370
3296,3484
1322,251
3182,1388
1239,676
510,803
2387,722
1120,997
4494,1427
2780,3304
706,1207
3180,2584
4692,2736
3853,2306
3449,63
2787,3330
2052,2568
3210,1937
2278,282
1834,2435
4276,1745
443,901
1949,43
699,1604
4571,944
4010,977
2010,1123
2410,2078
1802,640
3773,3172
2556,2693
5235,543
4304,2242
4746,3380
4640,2918
1699,219
652,602
650,1404
4995,1562
928,558
4831,797
4301,117
2525,2172
2547,1850
5432,579
5159,1852
3118,1108
1959,2988
3618,1225
1092,428
3505,1986
3333,1661
3165,2498
3375,3043
3970,1529
2428,2552
2885,2124
3258,75
3694,2013
4827,2904
527,466
5035,52
2532,2585
811,58
3784,2010
5369,1164
524,1664
4010,119
2037,1264
4121,3031
2533,151
345,3332
4246,2757
4316,663
5050,970
389,1482
4758,63
4582,1836
3292,1048
5202,2888
4635,2463
1118,941
1730,715
1794,3469
3019,3099
1300,2532
652,1804
2871,2451
3688,3195
4252,791
351,524
434,1278
2113,2826
3308,3139
2890,3372
4639,1662
5034,2135
2804,1319
3698,3282
3716,2088
163,538
3841,2243
2852,3621
2368,1477
1091,28
2599,2484
4788,1079
1716,274
30,2378
2832,3102
4455,2907
5020,3331
3012,1480
5276,2799
4442,1623
3787,2811
3215,1130
1406,211
1088,1621
1278,42
1162,2776
3340,1679
3428,1654
3756,2276
1625,299
946,999
3451,3392
1724,322
3566,3476
5455,3154
4034,2260
988,2021
1416,3052
3036,2764
4481,2190
5379,1639
128,2356
4733,2106
2772,2017
2716,166
996,37
5065,2277
2508,2087
3230,1213
2362,619
1851,1257
4296,3405
3452,2987
1460,433
3613,3263
3273,2996
79,2180
3066,880
320,3205
3860,1436
2004,2364
3713,2493
1684,964
3229,1618
4505,2311
2579,1570
4605,702
4514,2770
3038,1980
2339,1740
740,561
3668,3514
459,980
3829,2590
1491,934
2141,2137
4700,2352
5449,1948
2589,2850
3493,3577
4415,2748
4078,2011
1147,2717
3633,37
2107,335
4372,898
3982,1182
2963,2031
3306,2368
606,1604
5204,2497
2371,2301
5396,2897
1189,845
2206,3635
4356,1631
4650,1273
806,1621
2444,2202
4003,507
5018,1252
4733,1250
526,1258
3879,3219
4155,3618
4667,506
3328,2052
971,1135
4228,208
235,457
2023,2441
4859,2207
3241,1253
1890,614
2204,1175
3725,462
4440,2037
1791,222
5171,2748
2973,2081
3402,3177
1828,2789
718,862
4018,2597
3759,1874
3520,2064
3476,1038
2852,3215
4267,2114
836,2587
2795,2136
224,2817
1824,758
2806,2163
5250,3054
4296,977
4241,3556
4781,2297
5433,3484
4791,198
939,2630
4628,3268
1843,2881
638,2145
643,2171
4309,152
2837,2286
2209,1586
2706,112
4869,1002
4251,1197
2913,3016
4298,579
893,3251
2623,3403
3485,1914
5324,2190
3378,3431
5235,1009
4257,2404
2221,26
3378,1003
81,3044
4030,3490
3572,1880
3345,2515
4474,1767
3924,159
5084,2803
699,394
4654,901
4754,1741
993,2854
4804,284
1246,3147
3091,2199
3959,2322
4202,2983
5419,58
3456,2577
3832,2218
4941,2996
1364,2020
979,1543
2966,2441
3364,125
536,510
3221,3160
2609,68
2660,1134
3629,867
1020,930
3536,457
4156,779
5410,2554
5002,1182
4635,1221
2723,2212
1442,3602
4020,1023
3033,1941
4405,602
4365,3272
995,436
2947,1556
4085,1281
3018,2687
4188,62
339,888
1838,388
4233,1946
4391,986
3328,1226
4295,2973
3130,1996
3888,2846
5415,2998
869,300
4512,1102
5246,1858
123,2789
4980,627
832,946
1037,618
986,2430
1849,3291
5353,1538
5385,1234
1447,1971
4276,2905
3023,1519
2178,2690
3467,130
611,2027
3210,2343
5380,2084
1498,974
509,1992
3948,3520
4547,2468
5242,2624
2252,139
1816,330
1490,3397
1345,2742
1757,839
3230,1593
5219,50
1782,160
2821,2246
883,781
3299,3091
2767,1990
5337,3069
794,778
4561,2984
4068,3635
4000,909
3554,2597
2778,1235
5139,972
4565,910
4423,2789
4550,3354
526,835
2956,1988
1092,2880
2979,2104
4652,1725
3321,1610
2097,704
3894,3296
3771,1936
2988,2557
4430,709
3142,2032
4288,2204
1667,2920
1264,1611
1738,780
3667,3104
3589,2358
3934,1367
4180,459
2658,3559
900,831
5181,1180
4668,1379
5216,3357
1755,454
4519,3213
4799,698
2724,1006
1871,3421
1789,586
3762,1903
4133,3523
794,1994
196,2677
3050,2371
2920,1454
4306,3038
3228,1161
3773,234
4946,1773
3668,2310
4929,1268
3143,2436
4706,1140
1185,2460
3737,3402
4978,2718
4634,3313
3076,2515
746,1013
4757,520
1938,813
4475,1351
962,1088
3473,2668
4614,1130
4366,1293
751,1411
4352,2061
4154,1955
5315,480
3814,844
2477,2347
5457,2773
2069,3047
2770,2830
1652,2827
4155,3167
4686,1876
2411,3319
3974,809
3374,186
3831,1349
3960,309
328,839
5125,2538
893,2010
4185,2915
4325,1942
4671,3467
3340,1272
4322,1485
3580,1929
3259,503
4869,2691
1243,1484
3009,2646
3307,3544
3539,2148
1098,2518
2689,2069
2478,2800
375,1036
4667,2205
2147,1730
4831,1684
3848,3065
4644,3352
3299,2720
2586,1196
1434,307
2235,3372
4313,1891
5018,1665
3613,2040
1837,1204
1151,1917
1075,2795
4612,1969
823,2963
284,3097
4939,3383
2995,568
4379,1312
1745,1243
2898,3407
3187,997
1098,2096
3824,1313
5295,2868
3462,3025
3687,2372
4125,612
2395,763
1084,2048
649,2197
5116,455
2370,252
1900,1475
2138,1287
5212,2102
3160,1691
2998,2170
4206,3389
1860,2952
308,742
3281,2631
815,887
2012,3210
785,1558
207,2701
3804,2495
2971,462
4806,1590
4318,3483
2944,1950
1467,1245
2646,2242
1820,309
2842,2313
4906,1184
4019,1753
1156,3162
5291,2034
981,3227
5338,92
2829,2652
4790,1914
5124,1717
860,1883
771,1132
3106,2669
1977,2228
3133,1160
2110,3223
1908,2776
3281,180
1772,1353
3480,3090
5424,2644
2150,3006
4803,1135
3064,3300
4971,215
5113,1245
4620,1578
4269,864
5274,1169
2235,1302
206,716
5408,12
1661,451
3042,1605
1531,2335
3546,1349
2860,1980
3889,413
3964,756
1476,1294
4611,1912
2838,1074
4533,2446
4379,2182
2293,1559
2522,550
1970,145
1731,344
4155,360
4822,3303
1453,3182
2329,2515
4021,1336
3589,1954
3131,3190
3789,2848
503,1159
4412,1481
3119,3535
4140,669
5323,2585
5156,2262
3700,2455
2852,1952
4882,1063
1992,1468
3741,1326
4566,3417
3965,3617
4868,563
2938,2337
1170,1999
38,2864
2765,1159
248,98
1113,2917
2746,1516
5318,909
3650,3025
590,1526
4219,2246
2131,1667
5070,646
5393,388
2640,3474
1316,3442
2544,2245
2192,1525
1516,3091
3626,3346
2884,505
1770,95
3854,1023
5259,2728
4916,775
1035,2628
4166,409
2292,2789
4731,2898
3797,357
1797,1435
4706,698
4128,1076
3957,3584
5412,1791
2675,2374
3510,3244
2861,2404
4085,2884
5260,2331
2864,1200
4866,1837
4598,1891
1779,3001
2877,2485
4703,651
1980,3484
1290,499
2310,2869
2843,3135
4644,859
1524,3544
2301,756
4571,87
354,951
706,826
3742,2628
5283,1634
4700,1943
4728,3285
5276,735
4402,1042
3625,2927
4394,3405
4403,3029
2665,3175
4665,67
2129,2485
2620,1348
3100,624
4861,970
1880,566
1219,1376
3396,2340
1962,1384
3955,1456
3813,2947
5453,636
2091,1894
5202,853
496,1546
1535,3594
1193,2102
2861,1583
2790,2496
4990,3219
3781,1518
2898,2156
3881,2417
713,2054
1014,1740
4153,1169
4696,1065
2367,2707
869,1105
1312,2612
787,3208
5233,115
1745,414
884,2791
5227,1758
4858,2641
2284,2322
3594,294
5075,2336
2676,2843
3843,1796
4595,633
4062,1179
2692,1285
4462,1697
1730,1564
2257,1401
4099,2550
1572,2920
4643,2085
1670,1313
1982,2272
2740,3118
1964,1764
3783,3611
437,496
5162,2302
4390,1391
3628,465
5059,2683
4408,3470
1693,186
4201,1396
4922,3324
5326,3018
1982,195
3915,2145
1607,1851
1046,1039
3197,2290
2623,123
2816,2197
3162,2122
4254,2022
1156,688
2952,2403
2778,2861
2710,3400
5344,2276
4337,3152
5180,1577
3764,3114
985,827
3697,3628
4317,3071
800,403
4475,952
4093,1326
1818,3596
5018,2909
661,1841
3850,1840
5460,3627
1076,363
37,24
4964,3123
4041,1098
1977,1805
1801,1460
5211,2135
1507,1041
2728,3078
2996,3015
3511,2027
4715,737
2045,3373
4912,1589
5163,2702
3749,2251
4338,1184
3506,2395
702,2819
3939,222
1004,858
3727,52
2532,1369
3332,3258
3121,2719
450,139
1157,1958
2495,2035
4772,2250
3413,3232
4122,1457
738,961
4216,1479
3071,503
2575,2371
1695,1852
4020,1004
3704,2053
3173,3367
3646,2612
1300,1711
1649,398
4471,3346
3625,3318
3236,2036
1860,917
4218,1869
3056,3248
4139,3115
1308,1769
616,465
2697,2505
4657,1312
5428,1877
3322,366
1222,3033
2146,2956
540,138
3394,2720
3272,1372
2899,144
3462,2631
1141,1055
778,1927
1103,904
5186,3222
741,2165
1610,2647
2929,1501
2542,1813
3297,1491
3097,2616
4931,855
3316,1966
4602,1078
3814,1259
1990,2307
1747,2871
4416,253
943,610
4006,1296
1964,540
398,1517
5352,3117
4915,2861
1231,2639
3177,2180
4832,1266
5042,3015
1172,378
194,3096
3309,311
2394,1581
4387,2975
4989,3597
422,833
862,2694
3148,2087
4690,590
677,703
5440,3085
1093,477
2419,52
2909,3456
1897,1916
1916,3629
5095,2858
224,777
2891,2540
334,51
4554,855
53,2925
4308,2288
3825,3392
922,1759
1389,1703
1541,2801
621,1670
4675,2257
4720,1169
2621,2170
526,865
4035,1392
4884,3157
5093,3247
825,116
5149,614
1665,2509
4757,2604
5028,2565
4344,2029
4504,651
5330,1858
4227,3080
5295,819
4128,642
1569,1292
4495,3460
1836,805
2621,2589
3867,2363
5178,3585
4406,3062
1895,2692
437,1689
2330,1718
2664,2344
3931,2215
3254,1717
772,1491
1594,1804
971,725
4333,2767
3810,2106
4355,3242
3468,3462
4370,2903
339,1282
3522,2089
4151,722
1010,511
3966,2788
5258,3097
2067,561
2972,64
4011,2967
2805,566
113,2726
3234,2442
1428,3129
1389,897
3683,269
5029,1322
5002,2031
2138,2931
4971,1006
3137,402
2755,3194
1571,486
4932,1692
2098,1526
3587,3185
45,2025
3209,1515
4696,2328
4918,2087
3598,3218
3330,2438
2467,1064
2591,2449
1209,2543
3539,43
3714,387
3257,2920
3569,170
1869,3013
3940,661
1408,3424
5460,3220
4680,1843
4235,2348
4455,3281
4416,652
2169,2243
2442,150
2984,1724
1459,2839
5381,2846
2793,520
11,2240
739,1760
4539,2046
3307,1544
2133,3312
4235,1102
4160,2404
3901,3325
1073,774
4372,61
3385,1460
4461,1291
4490,129
839,1396
1559,2460
4845,2994
2770,3244
907,46
2944,1169
4213,139
2493,1178
4622,1155
3109,3480
5274,2761
3558,1413
1868,3391
3404,315
1745,2846
1430,2329
4496,1860
4874,2725
5361,3542
3830,3019
2827,670
3666,1462
4277,1318
5164,222
830,1755
4579,1377
4203,1815
5018,17
1464,2453
2436,3400
4349,2449
847,1820
3547,2958
673,2284
489,1475
5387,809
5425,989
4276,2482
1756,1283
4662,2997
1276,2856
1177,2020
972,1937
2634,597
1411,2663
2761,2790
2824,1427
4379,2949
3981,2010
157,3394
2901,1354
1834,3246
4845,2154
3550,948
3734,3369
4060,3172
5069,3120
1075,2821
4948,944
1674,2964
3149,1246
5333,1440
3894,1202
3371,2227
3399,1954
2814,602
3743,931
4587,1006
2236,75
3154,448
2792,84
3464,1413
2993,1393
1820,1959
4225,1503
4258,2054
4345,3195
5409,1731
4014,2989
868,3150
3080,3373
1226,3471
2042,1691
3210,3116
3061,27
4330,3114
4088,2507
1180,1620
917,904
961,2696
4139,1115
4098,3350
4303,1425
2081,3509
4693,3130
3747,142
3102,214
1348,2377
4432,754
5372,757
3037,3588
3330,796
3990,2472
1470,2067
2638,1017
952,1874
4301,1001
4621,1996
4341,2002
4184,14
1698,1429
5262,1941
3734,2142
3388,2299
3209,3526
4917,2899
4354,2470
1549,386
4069,1218
831,559
2321,451
3801,3291
2820,2213
1679,516
96,262
3496,3158
3376,2630
5256,1525
1296,529
141,2865
4821,1225
4986,2379
3674,1911
871,706
3437,438
5363,1970
1935,2466
5244,589
1815,1553
4799,1560
3978,2401
1566,2044
2494,3207
3242,851
4592,2282
1238,3092
4465,1721
4234,2298
3534,1306
2475,2769
5202,1669
2455,2686
1584,528
639,949
5457,2435
4889,2337
2275,3544
2259,183
3867,1033
3719,1243
2423,1736
5045,3431
4522,1149
3189,3438
1953,2558
3953,3108
4114,152
5095,1990
2099,1116
5065,1864
3386,239
1154,3577
4351,802
4743,2947
1389,2532
576,1072
5164,663
1591,144
5338,1464
4495,3101
5303,2896
3165,3344
328,1240
3658,1430
4178,2053
2702,485
2923,1095
2068,2638
1659,3316
4759,3445
5083,3191
4947,120
3936,981
3483,3514
3818,92
3275,3406
5139,115
4732,3313
3245,2070
1836,777
4707,1968
2746,1459
3718,430
21,2781
4489,990
1284,1684
71,2985
3202,2668
3467,1831
2598,2877
5258,645
299,3191
1045,2686
4629,1609
2017,740
3660,573
1237,1060
5040,2180
1922,1202
4098,2128
587,1929
3721,2931
4156,1199
5311,2551
3462,1801
2550,1430
2412,832
764,2713
2082,2700
769,3137
2585,796
5125,3360
948,1058
2027,1186
4814,2008
1704,3074
4945,908
5186,1960
3784,3210
2949,2761
4606,1099
4041,3513
1049,1472
3220,3569
5084,2774
4873,3107
2530,3385
5075,3166
2328,1293
4978,1499
682,2321
77,3427
2391,2875
2384,3605
2175,1448
5311,2934
4499,192
4959,2254
1585,1760
2906,1389
5376,2807
4834,850
4678,1005
949,3506
3769,3550
1125,2622
3407,2374
768,1084
1988,1872
4939,2153
178,3023
2251,558
315,784
3958,3146
2602,2081
3480,2298
2338,96
4804,2405
2056,102
1113,2982
3853,3104
5051,2209
1697,619
2793,2088
4118,1022
4773,3478
867,3573
5142,569
4913,2426
3261,3343
5448,2722
4166,2018
2751,2740
1724,2758
4223,1895
4862,3059
529,897
943,1425
1425,1878
1304,1326
1906,2720
1681,1796
5014,2065
4235,271
4298,1811
1321,610
4271,1254
804,3267
4997,1993
4616,2784
2075,602
4777,1831
1464,1612
2609,3342
2803,143
3917,2988
2145,2568
4757,915
84,3478
3967,2368
4450,3240
3100,3039
2947,2355
4137,3087
5337,2650
1018,2552
2282,665
5196,800
4148,1899
1114,524
979,1170
3946,1402
3769,1068
5349,1903
2991,2590
554,987
4845,3396
2753,3588
416,1606
4307,621
4666,1780
1406,2985
4921,1648
2889,3340
2818,2604
4185,2101
3206,1898
566,2238
1180,3242
247,883
1347,1960
3413,2401
2228,1650
3993,2921
4893,2358
3051,2410
1124,574
4806,3227
3383,2699
2325,2932
4114,2162
2904,2583
4055,1510
950,668
3326,1627
3344,46
5277,3174
3361,2566
2275,2732
3586,231
2346,2207
2187,749
1595,2587
1400,972
3834,537
3864,3557
5236,3065
4727,1230
21,2324
1698,1882
3327,3221
3218,2727
4003,93
1506,3471
4580,564
4683,153
3291,2677
4880,2300
1472,2870
1884,3474
2731,611
3002,2205
5382,3268
800,2834
2364,3484
5424,2285
2410,2485
3625,1306
3316,1162
2835,3543
2650,669
2713,1746
3134,1182
945,1454
3198,3049
4116,1002
1153,294
4626,782
3926,1753
2290,2377
4900,697
5154,197
3652,2232
1709,2698
3443,2531
4599,2331
788,2811
3893,2508
4763,952
1233,629
2972,2483
3417,791
5122,1693
2711,2573
3676,1955
5343,1038
4434,3575
915,2113
3754,990
1620,1546
2306,3243
4499,2686
4590,1865
2254,3465
2187,2788
2181,2311
3642,2187
1428,2726
5403,2198
5263,3150
38,1994
1785,2637
4674,125
791,1188
2609,1699
3521,3282
3508,781
1635,754
3204,3089
2807,2533
4236,3147
2539,3473
5301,1691
4422,1108
2683,22
3508,320
4884,218
3680,3563
3333,2456
2913,1023
1638,792
2373,296
1507,1013
4756,1352
1067,1520
2343,536
2902,2214
3074,3344
3027,702
4081,2459
4904,2006
5220,1718
2058,1350
4971,2692
5239,2649
2415,463
723,2913
2721,1394
1994,248
3371,2960
5116,15
2949,3633
1490,1770
3115,1915
1595,3446
1931,2839
5361,3151
271,3422
5422,1838
5282,3237
5141,3060
4190,1350
4628,2039
1703,2665
2452,1420
4584,1417
3126,3583
3455,2193
1788,1834
2426,3369
3086,1401
3924,1331
3922,898
2463,1471
1324,3506
4065,1539
4371,2121
5088,1145
2239,2967
3602,1604
3998,3327
2045,463
4067,3236
1812,1514
2340,3390
1758,2928
2338,2140
4884,642
3185,3020
3930,197
4031,1050
4208,1009
4717,2850
2684,2036
3897,31
1553,1615
1377,855
2001,1523
2115,1610
4242,1991
3179,594
2289,323
3490,1522
1403,1780
2011,1580
4465,34
2284,2344
4940,476
4720,2021
3314,3584
3595,1149
3267,116
3096,167
4752,899
3094,1428
58,2084
5203,2065
817,2909
4449,2074
2324,3330
5230,987
2073,186
4176,3266
2138,462
1932,785
5101,2038
4304,1833
2899,1739
2551,230
3954,1039
2984,511
1749,2456
5134,1770
545,1768
5333,1013
4259,3226
3674,1492
5116,2960
4057,2334
1587,965
3734,2585
61,2105
3762,3511
1491,1749
1897,240
1949,1690
3958,1906
1534,1929
3896,2888
5112,428
1010,2919
2034,815
2817,1010
1571,3353
1067,2364
3650,1811
819,1707
4813,2425
4160,2797
5408,892
3409,3208
3696,2838
3969,1960
3320,3611
2640,2663
3760,1443
1506,3032
1531,3133
4030,2215
2604,10
3107,1463
1337,2702
4077,3271
3468,1850
2569,2332
3990,3311
5451,231
2002,2764
2978,900
711,28
224,3223
1937,1632
4743,1291
1538,2751
1909,305
1787,3508
3329,414
2145,70
5280,3594
3557,538
1369,1590
1542,2370
922,2970
4053,1447
4715,1586
1635,1996
2227,2878
3844,198
912,492
2021,2842
5037,1775
4689,207
1955,473
3065,3322
4647,13
3027,1147
1891,3068
1371,439
2264,1829
5317,2973
4180,1681
1448,750
2172,195
2870,464
3587,3169
2285,2298
3888,752
1985,2678
3073,2109
2067,2623
3517,2450
4831,2097
1303,916
4006,2535
1438,708
3042,1177
4335,730
3810,58
3955,2299
3571,1059
5118,2939
2315,28
4523,288
3368,971
2342,1770
3440,2515
2864,2818
3379,1852
3190,3455
2697,3321
3155,1270
3968,1143
1577,2525
2798,1732
5355,1104
2847,334
5238,570
1146,249
4330,1963
5196,834
4945,2589
4528,747
4022,1355
4981,1059
1475,492
905,2886
3170,510
2267,2690
19,1869
3139,1619
1346,3141
2496,1604
1085,399
1195,1681
5145,1022
842,2192
4348,370
5106,837
4997,2831
1868,127
1856,883
2687,3291
3058,1259
2849,1124
713,1666
4838,3355
3814,441
4562,1315
2687,420
2089,2304
3726,2537
4531,3253
2777,452
168,3415
5015,826
4596,3127
5314,2126
1637,2800
5243,1808
418,3631
2594,401
1733,2018
692,2766
2271,2710
3976,400
2131,1244
5035,886
5271,1971
4192,1745
2955,404
3596,1972
647,178
4165,1234
483,670
4450,349
4061,1923
2919,638
2871,1292
1432,346
1397,1314
3909,98
1947,454
4124,2187
4666,3051
4810,3624
5351,2323
3088,3416
3584,2320
4545,813
2263,3495
1030,1385
3839,1380
2237,2129
4667,3026
2275,1467
1562,1644
3154,3272
3932,962
5350,1933
5460,1590
5221,2989
2906,597
3351,950
2367,2677
5190,1214
4567,2158
1517,2269
1308,2988
2896,1320
3324,2418
214,746
826,2131
1198,2504
2342,2180
2816,3437
3372,598
1755,1690
3386,1067
4619,291
4394,128
664,656
4764,2638
2949,369
4978,1041
5199,1617
5373,262
3105,3067
1708,2288
3293,1900
2272,2299
2510,34
5240,153
2708,1350
1226,1015
4422,1126
905,2854
1614,2291
2040,41
3118,702
4519,1958
1597,1019
2253,2171
5403,2178
629,2117
1327,661
2213,2456
3994,470
283,3050
3750,1392
1868,1341
2766,1574
4244,3588
2598,3283
4412,1907
2861,402
1852,1710
1119,1779
1284,471
3878,379
2597,1644
2518,2523
3654,3439
3872,1092
1042,1416
1297,1365
1352,749
2842,3569
4403,166
3262,2546
3698,1163
4645,2106
2216,809
2628,1386
4946,2185
2065,2181
4985,650
1249,1528
5279,3208
5091,739
5072,1897
1859,2563
2478,1093
1317,1826
4980,247
2467,2738
1424,660
5082,1083
1107,1714
4196,3364
636,518
5052,178
1434,1486
3965,1092
4334,1144
4981,2345
118,2766
3031,2325
4468,3324
2245,2586
5413,471
1804,1894
3541,2553
2452,2288
1788,180
2159,153
5292,1719
3798,407
4519,714
2051,1738
4138,2293
5257,211
3230,2426
1827,2407
3151,848
4841,1721
5144,1810
2305,2375
1324,640
1398,571
2991,3402
1470,1663
883,367
1469,854
2346,2599
231,802
3497,1566
1373,821
5343,2232
1636,2779
3124,337
4853,3026
1002,2088
2466,2293
3866,1492
2386,3215
2410,2874
435,473
2211,2820
2407,1219
3468,615
785,1161
2697,1693
3526,2509
1872,1771
1330,1892
3267,1356
2103,2364
728,120
2884,77
4391,2223
3349,501
4109,984
2717,2599
4339,1988
4516,3561
4213,3042
4099,2936
3716,3321
3252,3261
4788,1945
31,2809
907,2080
5427,532
5103,790
1450,348
5449,2744
1001,2886
1222,206
891,1961
3981,6
2442,564
497,754
779,334
1562,1239
1209,3002
2024,1959
912,93
2430,2144
2219,405
1617,1872
2897,971
3612,792
960,3544
2887,459
2404,790
1122,2587
1778,3403
1570,1709
1180,2841
1539,321
1890,1856
1662,1713
4135,2314
3254,2521
2386,2389
1713,669
3020,3526
3979,2840
5134,519
4124,2231
5370,3592
4174,1281
19,3190
3339,884
1810,2717
3731,2979
3525,859
780,375
4288,937
1285,2053
3666,977
1071,1963
2095,2335
5355,676
4362,843
1086,815
309,3172
4949,2215
3961,1484
2738,1045
5187,755
4962,2657
3062,1692
3497,1148
5364,2745
4511,1920
5173,708
2636,621
4405,626
3141,1203
4974,2330
2649,1496
5027,2959
3884,1587
3458,977
1949,2531
3170,929
3060,2072
3642,512
4088,2481
2505,450
145,479
1317,1362
1089,2457
3067,1332
2390,1172
3722,843
2756,733
2756,349
3643,67
1416,1832
2080,1451
2740,285
2665,1535
5124,2121
1551,2009
1027,578
731,143
5185,783
2065,3010
3226,1988
2117,3240
4927,8
2161,575
3273,605
2955,1605
5443,1487
1731,1996
730,508
5054,1803
2972,1308
1732,2793
3093,3013
1618,1899
3891,800
3788,1554
1490,1345
1499,611
4853,938
3450,1356
5163,1481
5340,585
1597,574
2495,384
5200,408
1924,1582
4412,1925
2261,1797
1900,3500
1486,529
1956,1325
3972,3641
4124,2211
2667,740
4338,751
2854,2385
4320,1919
2131,6
4786,1880
3458,1380
2383,3187
541,2144
1256,1972
4023,3025
3648,3408
3828,898
1380,487
5001,747
3836,3442
2679,3256
4731,807
3249,1285
3058,444
3345,2921
4724,1621
719,2081
4441,3220
2794,1266
1730,370
5240,1463
3557,1834
1811,1934
4675,1809
4875,1030
4894,1534
721,81
1020,2168
979,2787
5421,501
2121,814
2354,182
3436,3316
4034,3109
2964,1627
1162,322
2053,2181
2114,366
4353,1224
4576,982
1338,2315
192,2655
363,994
3973,3218
5086,1563
3387,1488
3606,750
2272,2268
1125,3005
2016,1540
1692,3472
2567,3154
1705,1483
2153,922
5387,2442
3178,2529
2054,487
5418,2592
339,2925
2291,3609
2242,507
4093,73
5455,1131
3250,469
5161,1065
731,951
3803,1596
889,2836
1810,259
2870,2840
5102,2887
3454,541
4599,215
5198,440
1568,884
1743,1639
5393,852
2512,1681
3733,3006
2192,687
1066,1124
4071,2808
1909,1562
3519,369
1969,2636
5104,1641
1643,3631
1906,2385
3264,2952
4827,2057
4179,3302
2230,449
4320,1077
2766,2373
4982,1106
5136,2192
3486,2326
2725,205
3386,1880
2886,1670
2086,3548
2406,374
3297,251
2523,1727
3947,1421
1179,2052
4477,3372
1036,3465
5101,1177
5124,2137
2083,249
3477,1876
2670,320
3748,2206
2225,2495
1484,2538
2683,2008
2908,971
1204,509
1426,1899
2837,711
5061,1009
621,44
1651,1646
3014,3501
3248,872
3172,1727
1601,197
1144,1871
4320,229
1522,2747
2160,553
2096,1924
1629,2754
2390,340
4303,2226
5069,1483
5051,1823
687,1955
1686,565
1668,491
2204,2417
3226,2402
71,138
1168,351
1240,1874
1080,2422
2339,3353
2396,2407
1792,1868
1225,1413
1449,2796
4930,2943
3303,1925
1893,2290
2119,781
5462,1168
2368,1876
3996,1229
2934,1138
1590,3000
3507,1589
142,3292
5463,1633
2206,2428
234,839
3793,2831
1402,1380
2917,616
5022,513
2664,773
1625,1931
3791,3638
3732,905
2675,1204
3122,290
1927,2773
5231,521
3607,3279
2486,1570
2474,3163
1419,1383
5453,1524
4581,3082
3693,1128
5285,769
2938,2759
1138,225
179,3436
3549,1815
1598,3040
4962,178
5049,576
4354,11
3954,1067
2539,2620
1555,2852
4902,2402
2572,315
2884,1291
3619,3299
4333,293
4491,3430
1965,2603
2703,1710
3938,1833
3976,2861
2764,396
4622,2819
2163,1810
2918,234
5218,901
3879,1558
2878,1266
5429,3032
1595,953
2459,3483
2770,1611
1269,10
1957,1724
1770,890
3013,651
3389,1110
3130,1589
5436,1068
3072,1731
5464,2844
2411,397
1059,712
5138,78
2170,1419
1627,737
1273,2420
3219,317
2964,1229
2351,139
3862,315
17,2302
5443,1086
1521,2661
4068,2778
2565,267
1602,628
3413,1185
2831,268
1995,3550
2817,1378
612,1641
1212,539
131,5
4844,36
3490,246
2141,485
4629,2028
3690,3581
2668,1579
2746,1082
1317,1402
893,403
3693,2820
3236,3264
1914,2832
1555,821
349,3359
2974,485
460,201
1114,3006
5314,3342
2298,359
4430,1972
2203,345
2202,2788
43,2008
1070,3620
4061,2364
4580,3061
1882,2653
1531,291
2197,314
3236,403
4893,3199
4728,2064
2268,619
4002,2502
2564,722
4937,79
2475,1524
2982,945
1290,1273
3308,1132
3351,3323
3019,670
3334,852
3735,2184
2072,2227
3351,1330
1806,3555
2919,3048
4066,1947
2731,1461
2275,238
4532,763
3698,1573
3401,1934
2122,408
3169,83
3166,1334
3292,618
4524,310
2873,1676
4987,2762
4769,2659
2469,291
1500,2611
1973,565
1717,2329
5302,1743
2092,2757
1027,1790
1926,2410
3427,823
3113,654
1379,1659
3822,1291
2947,3618
4587,154
4729,2051
1845,2497
2184,1089
7,3093
5381,3640
3062,1309
2360,1043
2562,3573
2933,3561
1976,1411
2515,3297
483,693
3700,3248
608,6
5187,1994
908,477
3181,163
3412,2390
4189,1769
976,3609
266,2974
1747,3301
3955,713
2839,1478
5122,2154
2283,1898
2468,239
1628,3588
4840,873
4611,3186
842,1792
905,444
3226,360
3679,1933
1441,1509
3627,2113
2017,2779
4395,590
966,666
3947,274
3122,1538
2764,3613
2492,348
2370,652
3426,2447
4204,2208
2930,3078
2783,1642
1757,2912
2717,1805
1706,3523
4005,3353
1452,2813
1323,997
261,3394
4006,2109
5284,3640
1913,1194
3418,1595
3371,574
544,159
2498,2859
1766,904
4427,3137
1257,2783
3317,800
3795,1147
147,52
2518,1706
835,1367
2251,1794
149,2907
2960,3182
908,76
1915,1972
2315,2491
1500,2647
3102,1043
2498,3298
5324,950
312,1155
1850,2873
2225,850
1157,1927
2066,3445
1933,1249
867,1487
2380,3169
5169,1510
4900,2393
3206,310
2240,96
2265,2244
1457,3641
2731,232
218,3640
4514,273
2438,2617
92,3098
2664,1490
2483,3208
3525,2474
2898,556
2185,1075
2945,3172
2806,3435
1010,2152
2021,1622
580,1913
4128,1056
4548,1251
2179,3511
1450,372
3250,2125
893,5
3252,2149
2805,1381
3050,411
473,36
4806,1975
1767,1791
3881,1127
1257,736
873,328
4577,2213
1681,1357
4204,969
4892,1101
2287,1521
3598,1184
3124,1151
3657,115
2239,1740
2626,2619
3868,1504
2020,374
1905,1522
3946,2272
3085,2161
1445,316
2700,2121
3514,1611
2349,2644
1102,487
4593,2298
1884,3050
2607,1684
2539,1771
5073,690
3232,3202
3850,227
1431,369
4253,371
2222,874
837,965
1947,1237
3570,3091
3429,842
3650,3039
779,1116
4685,2290
1852,428
2850,726
1943,1656
4050,1484
