meioX,meioY
1914,403
4885,177
2785,577
3320,135
4194,237
2787,199
1911,90
2003,331
2171,552
2785,422
1735,100
2527,674
2878,584
5226,580
152,846
3846,575
1919,892
1913,633
5568,833
4450,605
4535,220
2612,211
4278,450
2696,110
2088,468
2963,261
863,381
5229,875
5401,280
2173,644
2785,703
69,677
5229,759
5138,95
5144,458
1913,840
4971,383
2094,580
4537,639
3930,554
1821,131
331,121
3231,335
4537,133
2781,323
3138,126
1207,551
3228,688
3936,712
1828,698
5310,546
4884,658
3670,667
2878,324
5226,612
2961,931
2611,842
4363,450
3137,874
4020,172
2092,73
2430,269
2254,895
3495,663
4799,721
1295,879
1121,564
3049,838
3232,469
4970,715
1823,282
327,852
2346,349
4106,613
421,419
2780,910
3138,348
2438,220
5568,73
2963,602
248,530
2961,133
2345,315
3931,480
5143,135
4113,191
1829,776
2788,254
2437,494
5312,614
2962,562
5398,96
595,206
4020,429
1827,628
1122,92
2961,168
3843,514
2879,401
3494,368
1914,235
420,228
3053,283
4362,227
2966,214
75,398
1652,499
5483,474
4452,344
3048,255
2877,112
2342,605
3321,190
946,251
3932,513
3579,634
4801,269
3406,128
3229,365
72,354
5052,292
2779,885
1031,723
595,150
4621,98
4196,437
1037,134
4886,590
3140,426
510,293
4362,608
420,717
5056,248
422,321
245,119
1920,659
596,379
4104,230
1472,345
5571,181
1119,503
1381,321
677,523
3234,827
4883,211
3406,165
2089,796
952,511
2172,296
2881,736
1035,511
3497,117
2879,153
3929,650
3493,509
1296,435
1828,886
4967,417
3408,477
4804,331
335,451
5485,175
4625,452
4361,368
4368,314
4619,233
4016,761
4020,213
3230,885
2006,604
4105,833
2087,219
3843,874
1204,587
4803,74
3230,636
4108,278
4361,775
5141,588
246,688
4364,412
2519,919
2696,600
3493,340
4189,328
3318,334
862,350
2341,151
3760,472
3134,794
777,667
1649,337
2166,678
3846,345
4280,271
2521,159
4624,339
2612,762
4191,687
4536,807
4709,143
680,201
4194,777
4105,759
3048,436
2435,181
3669,342
1830,342
67,766
421,473
5487,124
592,429
4546,245
2699,762
1479,740
327,487
2002,192
3933,753
678,831
156,664
2607,397
1739,321
1829,301
1036,205
5227,912
2170,817
5311,469
2695,882
770,530
3672,594
1471,267
5051,838
4023,461
4537,547
4707,795
2341,794
4449,911
1385,442
4194,636
5395,347
5485,563
2522,836
2431,837
5312,384
66,160
5141,485
5401,805
2607,251
3664,765
1916,553
3491,172
3325,376
4798,481
595,590
2006,111
3755,263
5570,150
1207,655
3234,296
2091,514
4108,653
2960,745
4711,329
4539,105
4883,364
2346,515
2086,842
3671,550
4624,820
776,424
770,902
3052,87
2003,661
3405,244
5317,302
3228,740
952,231
3235,261
2611,139
947,138
5231,453
3761,167
2610,576
5227,322
2089,121
678,726
2878,840
2005,529
5395,867
2613,726
2340,700
3672,530
3322,685
685,398
5310,237
1036,664
5055,492
861,326
5141,404
2432,644
3931,835
4110,98
1122,376
5485,645
1827,598
3844,89
4189,508
5057,394
4024,104
3237,225
3491,238
3408,89
5399,721
508,906
2612,604
2170,134
3049,163
1212,227
5400,394
4019,614
948,754
4112,307
4189,831
3934,235
856,419
4104,896
4363,120
776,195
860,215
1210,500
776,864
3137,87
4969,176
5311,405
3845,243
4971,777
2785,102
2521,96
423,363
4884,297
334,404
5484,445
1559,794
4454,115
4533,516
2779,625
3932,147
3583,148
2694,412
2871,454
4878,834
3757,316
336,253
4707,415
2877,909
1731,244
4709,709
2088,361
2701,476
1037,838
2697,246
863,448
1120,745
3046,707
3408,511
1644,851
2525,310
3589,676
5056,678
682,454
5228,821
4283,382
4109,141
949,829
2342,535
2781,799
72,236
2000,854
2785,659
2089,628
4537,269
2432,450
3048,660
2882,192
1741,76
157,406
680,148
4282,181
3931,78
1555,351
4799,223
4447,843
1729,483
951,313
5056,707
3585,734
3230,391
3845,750
3848,614
5048,863
3492,821
1561,249
75,843
949,589
4883,567
945,637
5403,162
4887,104
4706,434
3931,116
2696,805
4626,538
4973,898
5312,573
1214,815
4017,833
5230,245
3491,268
333,699
4622,788
4797,878
590,760
3843,468
2877,756
1382,411
4539,299
420,916
1913,319
1479,317
1735,599
3586,894
2516,811
4797,649
4706,198
3842,287
3936,258
585,657
590,785
3232,854
4884,908
3134,227
4802,407
595,900
2875,654
3670,287
73,493
4624,259
1557,736
1555,854
158,362
2873,777
3317,418
3933,172
1475,796
2084,698
3488,546
775,566
1036,912
4195,261
1565,277
3048,600
1643,750
5052,774
3929,852
2522,337
3761,527
2962,498
4795,934
1296,256
5314,170
336,764
3405,198
418,282
4540,697
861,95
1831,92
5395,909
2006,508
242,263
4448,875
2614,450
3932,792
246,734
779,360
3404,867
154,328
4970,759
2426,581
5572,525
773,287
70,436
3053,905
2167,860
2265,391
3050,641
3669,426
1646,877
3407,348
3934,332
417,612
5574,448
3320,522
4624,893
4711,547
4448,678
4020,267
3410,435
1829,175
4110,501
1730,373
1652,636
3233,526
4887,515
157,773
3673,801
157,443
3049,361
4619,912
4363,192
5057,652
155,479
776,841
1732,797
1650,305
1035,575
2524,276
4883,689
2786,531
2003,239
1295,588
4966,557
2258,125
2704,293
1295,139
2959,661
3137,579
5312,686
4361,830
255,68
4448,447
4966,808
5229,476
243,95
1115,888
1037,444
861,679
3318,843
5403,201
2520,392
3842,909
4018,680
861,900
72,897
949,183
151,267
2087,896
4019,76
1561,660
858,285
3228,432
5578,737
5231,385
1731,688
3585,483
3847,179
1472,114
2254,547
504,845
4536,756
3587,373
5313,735
1383,786
5481,79
2699,565
4797,520
243,413
5401,655
4367,286
505,573
2343,451
4279,820
1206,681
4110,725
4275,497
5577,389
1208,189
781,789
3582,292
1120,309
5397,137
1479,561
2606,338
772,717
2702,271
4367,726
1644,722
4797,816
2344,416
3320,465
4190,742
1037,703
1032,780
2610,798
4451,84
3937,918
2092,737
1210,280
1922,752
4020,368
2788,485
3668,152
949,74
2178,360
1647,825
2006,439
1647,613
1297,613
3582,871
68,798
5482,585
511,91
780,322
3932,816
1381,611
4013,572
2610,470
2432,155
587,981
1742,142
512,396
2011,75
1382,701
4451,718
2345,205
2253,251
5568,655
5402,565
3490,776
1832,492
2001,902
3838,535
1382,98
3403,576
2173,103
1563,83
1386,347
861,848
1033,636
4019,518
5228,677
3232,499
3135,839
329,364
331,281
2172,256
5142,781
4801,440
2346,388
1384,275
1559,883
1648,420
2341,574
2881,372
2525,223
3930,351
5576,216
2258,216
3402,66
2960,83
415,760
4879,752
1474,149
1988,80
2875,625
1734,506
4274,605
417,648
5230,117
4537,722
1473,834
5312,145
247,391
3406,602
4193,657
72,116
679,890
3231,579
1382,475
2257,495
511,245
3319,238
4709,525
153,201
1913,777
2084,760
4189,112
776,101
2436,118
2609,276
1121,785
1300,108
4279,666
4801,764
5140,240
3047,209
4017,288
1207,631
3138,598
677,678
3846,119
423,94
4967,490
1034,476
153,713
73,135
5055,464
4280,870
5053,225
2612,675
4619,205
5570,100
1823,542
3048,524
418,178
947,865
3136,287
3489,748
5140,622
2872,864
2962,350
4193,468
2787,510
3583,842
3317,802
4276,544
3840,685
679,425
679,270
4193,531
2434,322
2521,782
333,222
2528,411
4453,152
1735,178
420,504
4450,657
5488,370
3053,583
5399,679
951,458
4966,853
948,707
4362,653
3934,889
513,451
421,880
5145,338
3757,407
2612,88
1301,699
1734,821
2007,828
4969,457
4190,142
3758,241
677,365
4708,166
2522,765
154,887
3318,75
2005,157
2700,643
2434,751
4885,465
4708,668
4792,190
5571,792
5052,573
3408,700
2431,526
420,580
677,783
3494,725
2342,758
5573,282
3585,178
1827,406
1032,859
2877,264
2093,533
3841,424
3141,170
4276,417
5231,516
858,508
4453,517
4965,290
417,849
1382,640
948,388
5400,325
4535,860
597,850
1826,459
3672,490
3405,537
244,611
3495,575
3408,554
1122,639
4717,94
2174,384
1558,305
2536,645
5056,544
5404,472
4359,879
4544,159
1917,442
3671,256
2434,692
2174,226
2257,269
4020,727
2961,864
2256,594
1646,156
5568,561
2960,840
245,635
4972,598
2340,892
242,165
3845,839
4017,590
583,821
2345,860
2956,400
2524,739
3912,900
1469,197
4016,659
2782,371
3492,432
5309,707
4718,851
2087,296
1207,522
2089,876
3754,708
5314,491
1298,751
2699,453
778,485
245,349
5481,217
419,449
2698,187
5403,534
4361,680
1030,592
3496,406
4798,384
598,235
947,547
1646,555
241,863
2436,342
153,125
4447,779
2873,679
4025,334
3582,535
2258,813
511,354
2785,826
2879,507
3671,74
2092,270
1912,361
3755,371
683,97
2961,769
5482,738
5060,360
3050,773
1738,442
776,339
72,217
4882,785
1296,380
4538,921
3325,549
1382,149
1468,814
4277,318
2347,683
4712,610
1384,177
1648,659
1969,689
3671,710
3319,610
1648,377
4451,241
2617,650
4969,205
592,108
1559,553
5053,336
5490,796
5138,359
4798,899
511,198
327,304
1831,859
1741,261
2526,444
330,176
3318,359
1213,419
2169,610
1991,654
3845,809
2702,389
5143,289
1122,669
1476,683
1383,888
1471,637
947,780
4190,384
596,304
3671,372
1645,131
3493,598
5226,634
2710,831
334,155
2432,883
156,549
1919,146
1295,486
3319,739
1121,415
5228,538
4886,254
857,808
1122,229
511,696
4107,463
1915,493
3933,392
4193,311
2252,688
5055,136
1643,701
4449,547
2009,739
1730,643
3666,733
506,617
681,331
4280,109
5405,444
241,775
860,136
3585,796
3315,564
596,616
1733,418
861,605
947,364
951,474
4793,621
4539,573
3492,852
506,372
1732,526
1208,100
1558,608
329,811
3137,500
680,128
686,284
4713,893
5397,419
2789,842
1558,456
3137,720
1989,115
2255,631
2963,470
505,511
1203,877
2093,169
2011,371
5055,441
329,630
2259,359
1918,713
862,697
1829,197
5486,902
1384,743
5405,241
3589,406
4276,703
1033,165
680,870
5489,266
507,123
1821,52
4364,497
72,296
3416,311
2089,602
2524,199
1301,525
2254,703
2520,561
2878,533
4380,492
1480,614
2523,575
5090,382
5318,195
4884,805
3931,205
1127,246
1561,393
1555,116
3234,156
1991,187
2437,404
2698,366
3959,14
2172,183
5492,521
1914,167
2523,625
1210,136
504,799
3234,198
1295,841
2877,702
3761,549
247,896
1298,329
4621,592
3406,637
4367,266
4621,494
1299,345
4538,591
3143,928
5569,311
3593,446
328,671
1304,641
1382,524
3318,208
1651,65
2170,509
5144,686
5566,872
152,148
4360,557
1915,732
1645,222
1989,234
4971,652
1302,414
5307,124
4275,641
4967,474
4363,539
4274,572
5315,94
5139,883
5482,392
1120,445
861,777
4884,87
503,717
3755,777
3767,361
3137,696
5310,811
5050,894
4452,502
330,201
3140,641
3047,494
5232,171
4887,893
2346,223
1209,739
1556,818
4191,619
1301,465
420,668
4618,659
778,597
3664,189
4447,792
591,703
3231,720
2608,636
5571,488
74,465
590,694
2785,467
5484,874
1036,251
1916,513
1123,155
1472,537
683,555
5396,257
5140,215
5567,751
4615,404
2698,168
4108,403
784,132
247,373
4279,786
1738,561
3583,90
5482,846
2256,453
1560,420
2015,764
4189,883
505,534
5092,22
2696,720
4714,908
1822,219
5137,548
1991,752
4451,267
4544,434
3231,615
2254,468
1042,232
331,547
1208,207
1476,456
1475,524
3411,297
242,812
2258,335
4637,590
589,801
2003,776
3845,774
5410,426
4190,896
5575,476
3228,773
3759,582
1118,813
4540,347
2341,644
5142,202
2255,613
1998,21
1917,531
2702,498
772,467
4012,903
5318,883
3507,119
1992,336
5499,221
3139,624
4195,597
3585,432
1738,88
2170,207
4802,121
5484,821
5485,690
3757,604
5131,265
3508,428
