meioX,meioY
3725,307
2764,181
2148,599
5463,84
3190,208
2321,74
2324,296
5377,803
2932,905
1888,787
4590,545
2410,522
4334,814
1456,391
3995,573
5286,623
1538,150
3637,129
1020,477
5289,562
1453,642
1453,529
1184,590
3112,921
2154,100
2935,225
3809,557
655,235
4334,110
2407,154
3723,520
392,360
3113,212
5107,89
2587,399
308,918
1969,197
2322,886
5197,215
659,486
4588,173
1795,105
3726,270
3367,419
4082,546
5372,535
311,480
1450,438
841,684
2325,346
569,92
4502,90
4761,198
49,671
3277,859
3636,182
2584,466
393,434
3450,810
1622,906
2150,906
5288,64
3723,484
4764,128
4676,866
1453,106
4417,84
2755,741
2497,204
5283,589
2151,177
5110,298
2410,367
220,392
1453,601
1711,114
136,353
2582,689
3991,61
1453,240
2497,510
2758,317
3722,917
656,139
1013,760
2156,450
3633,894
3454,263
2148,721
3186,809
4938,76
4849,590
3637,420
2854,454
5283,729
5110,178
2321,928
1098,723
1628,595
2236,112
4087,179
4165,314
220,767
3811,252
4246,412
5202,339
1533,668
2324,744
219,533
5198,713
3275,462
763,478
5202,844
2057,178
4423,444
4851,489
3907,925
4847,419
1349,230
1102,259
1017,619
839,810
1453,346
3024,701
1975,721
4940,203
4588,281
3275,233
3023,232
1713,626
5460,229
3190,646
5374,390
1711,287
3723,761
4417,389
572,289
3189,484
3188,545
3551,209
759,105
757,309
3190,127
4084,803
4506,480
2850,255
4507,430
315,303
4168,258
2848,897
1973,808
1793,237
2756,714
1971,617
3908,481
4673,820
2847,840
1799,31
2853,583
5108,478
4086,491
1188,347
1453,741
2763,250
3115,360
399,205
930,660
1803,461
2584,47
1883,435
1016,504
756,587
2853,102
929,572
2759,533
398,394
4329,740
4676,343
4420,518
2855,130
311,876
2325,531
2056,591
662,614
1971,349
2060,662
3910,761
1188,441
1881,243
1885,834
3028,488
5543,434
5195,384
653,344
3368,110
1018,268
1802,820
3912,575
3107,277
843,632
4589,399
571,246
2674,515
658,847
4847,698
5198,435
4672,594
3447,376
3272,673
4419,683
658,518
2235,756
4334,176
5024,810
5108,331
2235,378
401,656
4332,597
3810,522
1712,511
1181,514
1096,890
1888,654
1181,136
1972,164
1883,167
1622,285
4937,454
4168,725
1359,75
4422,164
393,736
2324,603
3637,339
2500,544
2059,427
1799,516
1707,913
3908,882
3728,221
2495,330
4937,396
1714,216
1795,327
2754,572
5372,899
1454,284
4165,180
3556,312
4162,479
1097,495
1273,318
1101,755
137,85
3024,391
1799,68
4938,172
2055,688
5193,113
1452,474
2149,208
649,706
1270,696
4248,336
3637,77
660,395
1888,877
1358,327
5113,369
1361,683
4761,531
3906,235
5026,905
4765,39
5026,495
4329,257
2495,184
312,229
5108,459
3552,240
930,138
2148,406
5115,247
1713,869
4419,617
3811,338
1710,596
759,269
5284,788
4254,133
312,452
3815,153
2582,145
47,540
1187,326
5205,243
4848,358
3282,311
4848,260
485,183
755,611
4590,795
5374,174
4939,693
221,277
654,572
2320,475
2053,468
1888,381
4507,890
5375,137
133,865
4589,741
1354,611
2239,546
2237,80
4243,663
1014,394
1356,803
3995,643
488,295
3367,590
3910,621
1538,791
3024,776
3024,337
2496,570
217,471
3633,373
656,324
1627,97
4244,478
4938,587
2758,137
132,600
2849,73
3278,544
480,319
2059,856
2058,888
218,421
1970,110
2153,779
312,329
4511,856
2589,811
574,515
2324,578
2757,484
4763,500
1271,299
4941,889
2757,908
1540,441
397,566
2410,686
45,339
2236,330
4674,624
3633,306
2236,581
48,74
2933,437
5198,144
2754,89
5198,625
1098,401
49,474
4423,634
5375,735
3548,413
134,815
4589,260
4843,511
1534,760
3637,664
4166,156
2580,776
5456,259
4938,425
4414,738
1454,683
3451,196
1356,665
5541,92
4850,117
1802,727
2582,921
2322,425
3637,645
5198,762
2582,847
3110,306
134,438
2406,576
2410,409
2758,659
3116,79
1712,315
3812,661
934,227
2150,126
5459,686
2584,439
315,641
134,641
2935,95
1190,180
5021,517
3020,604
2586,106
1797,606
3721,799
3809,234
220,234
758,723
3904,145
2671,334
4582,601
3451,871
5199,290
1095,306
1356,267
5117,915
220,730
2582,359
3112,759
2323,683
4765,342
54,842
2498,152
51,750
4332,382
3275,414
1969,668
4846,831
4589,127
4587,81
481,555
1713,786
4170,88
1093,357
4936,355
4329,159
4165,37
1451,837
3025,575
3635,622
764,229
3636,814
2058,394
1540,900
5285,814
3552,472
2235,803
1096,791
3369,182
4847,767
5285,695
135,718
1620,327
1793,582
1626,41
4505,747
1185,869
4171,554
4168,855
3193,583
4675,892
841,436
2059,340
1975,861
2322,649
3906,90
2674,441
652,94
1882,298
1276,197
2857,556
1094,100
2494,47
4084,285
572,185
4941,479
2233,521
4503,371
483,519
4935,767
1450,164
1973,284
1625,75
757,874
1184,724
1791,140
4243,302
3451,101
1972,461
4417,568
4508,802
480,856
2059,526
842,711
2321,781
755,446
4768,312
2414,860
1976,840
2500,358
2410,290
4245,549
1453,663
1536,861
2497,471
660,689
3803,110
2754,840
2059,126
5022,652
3450,541
5550,258
4079,249
2494,647
1618,753
4940,799
4005,451
4503,631
1970,889
393,600
46,361
3994,333
4677,101
1358,499
3019,848
928,444
5281,32
1712,245
3991,249
5026,536
4935,628
1884,712
215,182
5019,368
3189,462
3280,494
846,505
4672,734
5462,526
1621,867
926,489
2319,708
2055,360
1451,582
1095,558
5544,598
4767,59
4421,125
1624,386
3549,160
1096,52
3910,531
5283,286
2495,830
5286,143
2852,537
4762,688
4677,508
4248,103
1019,423
3999,287
4937,838
3909,339
3193,155
1020,310
483,489
5461,42
53,171
133,842
4248,259
225,94
394,124
1188,762
4245,394
1354,643
1531,325
2667,202
4760,294
932,386
3995,123
4331,225
3280,357
5196,562
5025,408
393,545
482,255
5281,265
5194,587
3909,721
1186,407
2851,515
3454,733
4594,217
2854,739
5292,483
136,902
1356,285
1623,158
2238,636
4676,765
4676,298
3911,502
4245,743
3111,673
5373,461
4846,449
3637,498
661,77
486,217
754,126
4764,653
2673,267
223,878
3026,520
3453,649
2495,676
4503,927
4590,851
1018,79
1715,196
2228,443
4852,870
2323,766
2674,878
2583,623
3723,857
3810,682
1976,639
1709,565
393,817
2853,364
1017,914
3995,85
4084,887
3907,319
1353,594
4242,775
2586,316
1972,768
5197,787
4418,340
488,467
3994,270
4589,895
759,216
2851,631
393,624
1188,69
4500,591
4082,665
4249,68
654,661
5460,871
2155,754
757,344
5109,643
4085,649
758,173
929,636
3363,673
2852,327
4499,268
1184,276
3368,92
5369,606
2150,487
842,250
4673,422
2237,918
2409,732
4514,597
2409,781
5543,856
5111,626
5369,314
3911,670
5549,362
566,401
5104,580
483,366
4507,311
4593,656
4422,327
2501,791
3548,956
4507,682
2416,634
3635,564
1535,406
399,489
1185,825
2141,843
2412,705
3279,214
4585,763
220,209
4851,65
2671,546
1356,371
2670,374
5110,847
3727,103
1708,432
3191,250
5022,273
758,381
3997,162
1362,147
2668,140
5288,435
5021,390
2495,101
4589,111
3109,587
1187,298
4328,513
572,591
1273,464
1624,192
5198,894
3995,750
491,537
1091,700
2757,858
2322,211
4417,541
2934,574
4934,611
567,430
1800,166
2757,876
1889,331
4585,640
5020,250
1018,332
1360,826
3992,104
2677,65
2416,205
4843,881
5376,215
5462,708
314,184
5110,732
1355,719
843,232
1184,614
4761,156
2061,751
5288,851
2755,607
2669,459
4764,475
755,818
5547,107
1451,882
49,563
2757,33
1627,311
3912,738
2751,410
3281,266
4587,49
4506,133
5622,233
1359,425
4088,470
4330,411
3109,782
1708,544
2055,145
2411,497
1799,384
1975,589
4420,909
3450,466
2583,130
4850,529
566,720
3549,501
3635,723
5546,706
4764,635
1713,408
3367,204
4509,833
5110,831
4332,543
3637,544
50,860
5112,125
1539,309
1798,774
2584,167
3109,533
399,285
5544,778
1969,147
754,421
4422,244
48,212
135,765
2940,284
927,511
135,185
2492,284
2329,145
5459,468
2231,730
1884,98
1976,492
1271,355
2153,554
4165,385
4166,122
1015,697
397,182
1625,366
755,831
394,143
2935,347
4592,690
1183,221
1096,149
4507,357
3553,112
3636,753
3450,757
5369,486
3365,817
1539,468
3722,779
5622,131
1540,284
4326,436
130,481
568,692
3108,395
3723,392
4761,578
3723,607
49,279
50,422
3638,209
843,361
1711,838
5546,311
2235,304
3369,323
1975,381
3994,184
3813,620
930,293
1534,346
5624,508
479,727
4087,398
839,528
1534,504
2058,548
655,752
2237,236
4854,401
1019,441
755,193
935,186
53,122
4674,379
3026,106
3454,143
4850,384
2411,483
4508,172
4176,775
479,800
4332,493
3114,125
1535,723
3022,288
4771,551
5372,275
5111,408
3449,317
5458,599
53,259
3020,306
572,551
5374,622
143,291
3818,196
2939,315
573,629
2148,509
1184,842
2233,422
4169,700
2938,138
2752,283
2150,302
572,565
1879,364
1094,616
393,263
2323,398
4420,261
2148,268
841,469
2496,438
2936,462
390,883
5030,568
4768,434
3720,726
1539,543
1014,160
2500,139
4672,267
1273,393
3194,789
2409,800
4166,526
4937,373
4846,247
3632,463
927,469
5540,126
46,647
1714,766
484,893
1711,709
137,306
757,511
1014,871
4084,221
4241,279
2053,75
5543,346
4846,466
5460,808
4419,887
4170,623
3553,535
5548,164
653,873
3195,270
4160,107
4245,565
3810,815
1533,588
1882,228
574,655
4327,345
3110,452
845,295
2670,473
1540,373
3112,333
5110,544
3553,918
4326,456
4244,218
1018,902
1792,623
4246,851
3453,629
1794,542
478,391
4583,316
1975,32
400,65
3454,716
3639,97
5199,499
3276,385
5278,870
842,552
392,780
925,815
3814,757
2669,185
3904,76
4587,327
5624,489
1364,521
915,696
1713,375
2148,157
4941,547
4673,696
5293,508
2054,734
2853,345
2062,41
3115,410
2853,290
5372,680
4935,864
568,452
1015,237
2934,651
4420,112
4688,291
1885,142
3026,153
221,157
1537,836
1887,523
2489,856
1359,533
2935,608
130,520
2842,691
2941,296
5551,478
2936,499
4168,821
4850,208
306,751
305,407
3550,784
5623,525
5549,635
4082,575
4762,237
652,540
3817,741
1620,817
1794,287
3273,137
1790,497
220,608
2411,817
835,768
3113,561
5460,571
4582,462
1095,854
2409,916
655,551
569,788
3361,480
5371,296
655,424
5014,865
2935,590
1100,451
5625,689
222,646
308,391
2844,487
3632,793
1625,514
5373,844
4248,168
2323,112
2235,855
4248,85
3368,248
3363,501
2408,899
4756,363
3279,94
5374,354
3278,595
4851,560
314,115
4158,346
2055,783
3447,444
4760,708
487,838
5622,400
223,828
1276,656
3729,589
2057,769
4943,105
5623,854
1450,814
3455,128
4080,719
3812,385
4675,485
1888,485
4418,477
2492,769
312,573
3724,372
2672,611
5627,917
2492,633
2150,538
1613,739
305,695
2859,703
1452,775
4508,666
5626,575
1277,445
927,846
5109,700
3188,328
2671,642
5024,681
4507,774
3724,410
3908,409
1015,559
2503,296
1622,533
5541,757
3993,224
485,819
1796,710
1186,494
224,920
3725,162
4175,796
3026,658
2149,285
5541,620
2938,373
567,344
1891,350
841,586
658,369
4170,512
2758,298
222,557
4680,177
3909,187
2860,692
5372,200
2584,503
4081,385
1887,314
2239,680
2496,117
3026,174
5542,551
3444,486
2762,77
3726,738
2498,870
3367,546
5108,423
2407,229
851,733
4087,598
2233,172
5463,420
1712,363
1272,596
50,411
574,158
396,90
2677,109
5294,874
851,748
2858,426
1625,660
1793,565
130,625
1191,420
2135,353
2672,593
1797,435
3189,352
1349,410
2056,267
1538,388
4172,760
1272,634
3549,902
2152,830
5280,212
44,804
5456,766
5114,792
4854,85
4241,867
1183,481
311,732
226,307
2851,206
843,380
2411,256
4689,413
1884,501
2230,823
313,714
5624,460
928,409
3551,129
2322,378
5290,354
4688,343
5463,400
3635,834
4764,605
5026,452
1624,134
50,584
1629,847
4674,250
3187,876
3280,281
1626,711
1543,496
938,697
4743,546
1094,173
1273,547
3280,124
306,822
760,402
4588,430
4589,237
502,937
4765,376
3371,261
2413,91
3815,772
1091,676
2670,856
2148,144
3898,390
2583,646
1625,639
3447,420
1799,415
1272,524
2669,388
306,555
2148,341
3551,142
651,441
5109,591
4743,644
1271,564
140,402
305,126
398,851
4328,580
4681,402
1977,752
4677,713
135,537
2751,646
5286,112
5625,214
1279,613
932,323
2938,483
2753,429
3990,459
5548,463
223,665
3451,346
3368,340
3553,796
2235,835
397,951
2467,943
2671,119
217,928
843,341
1026,156
313,621
4332,639
5455,513
3724,152
2755,594
3027,124
1532,572
3193,169
1905,783
3021,644
2056,55
3907,803
4329,675
3372,482
926,351
239,574
3724,357
5542,687
429,944
1098,464
1452,904
5020,469
2233,147
4417,829
929,783
5462,644
5626,629
4418,876
1695,767
5114,138
578,502
3809,397
139,272
566,356
1357,709
46,593
2410,73
3908,397
1713,817
5626,92
4510,785
3793,105
3989,213
1453,145
5627,787
1015,537
3556,103
5288,298
2584,238
223,840
3446,569
3995,199
3993,942
3640,441
2579,192
4687,481
136,389
3995,697
2933,635
936,800
2859,440
4941,533
636,846
3114,111
1887,152
3278,109
138,233
1273,505
3190,364
754,523
4851,196
4675,466
4081,446
1269,382
4084,692
5467,760
498,920
4174,484
2236,666
4250,182
3187,310
842,162
5456,636
1105,687
4687,771
4689,255
4675,445
5367,638
5293,451
4774,454
2403,620
2844,206
5282,341
189,957
404,875
1450,788
5111,719
1263,618
5463,786
1628,57
2246,440
2844,590
3366,534
1632,835
3189,887
3105,521
3282,372
1614,834
1275,671
500,963
1461,913
124,963
2585,206
4673,790
5287,123
1905,330
843,325
2844,553
4848,547
496,391
3368,463
618,855
1540,562
572,481
2504,458
745,864
1273,485
3911,200
44,818
5601,455
5459,584
2055,790
4328,658
4687,871
1537,488
480,404
4328,566
4163,807
5024,891
553,859
