meioX,meioY
2427,241
5306,417
1122,477
1113,44
1377,556
5307,102
1990,119
5213,159
4352,427
5400,787
1121,219
4533,228
945,493
2337,126
332,903
327,768
1118,81
67,748
3400,878
3304,492
1209,581
2339,554
504,366
1727,573
1036,100
5485,274
593,297
1377,711
4792,634
5304,186
4701,380
5221,226
2429,388
2688,714
504,747
4699,833
1641,108
774,213
508,117
5135,340
237,279
1116,893
1734,502
779,440
1117,778
3657,837
949,382
325,499
4613,759
772,769
3924,339
4011,607
1208,504
1202,717
1820,115
1989,266
594,458
943,50
2687,351
1817,171
3303,341
771,733
2337,915
859,683
413,616
1290,649
4870,860
242,95
4960,378
2510,358
3306,296
1990,370
856,139
3749,54
2601,861
1730,482
1121,507
1816,242
677,719
1555,607
591,702
5041,750
418,214
1034,187
328,695
2250,718
3132,444
2511,450
1377,811
675,99
424,34
5397,409
3045,181
328,415
4958,215
2687,844
5219,878
3576,546
1558,410
3311,864
676,392
2342,219
1647,597
2512,475
1122,443
3575,66
4699,575
4611,196
5567,783
2514,99
3837,233
2165,194
2689,466
3921,373
3395,534
328,299
3039,677
5396,257
1031,261
5393,716
4702,283
2957,897
5217,794
2425,836
5217,589
1206,66
4700,784
1380,89
5479,419
4524,133
1039,480
3838,383
4527,287
1818,281
4098,70
2344,794
5481,584
66,436
3836,543
2169,305
1029,853
2513,258
772,868
1989,199
3754,629
3129,208
2251,867
4443,799
1903,259
1554,521
2252,323
2605,171
416,548
3482,315
3921,712
4703,870
1295,149
4183,629
4961,239
3306,572
4956,657
1468,905
2168,349
4270,626
3393,790
3396,168
5565,587
2075,613
3749,83
3926,629
3397,626
1902,445
1468,792
4269,107
3577,908
948,662
5393,518
3133,395
5219,827
1557,212
1812,840
4102,122
413,860
4012,313
3481,820
4612,858
5047,165
5220,333
769,325
3396,372
4615,241
2777,459
1637,844
2164,724
2956,694
778,416
1815,371
1203,274
3308,676
241,531
5568,204
1198,334
502,675
3043,825
150,908
329,345
2598,608
2516,701
4444,124
2871,249
4100,294
2073,800
2339,281
2072,440
3840,658
5392,67
4533,518
149,183
682,202
2423,479
2876,817
1032,306
4099,551
857,91
1472,91
5041,614
4444,562
941,237
4699,98
3660,102
1730,656
1293,104
4012,186
2605,826
4790,694
3665,588
2339,755
5392,148
1036,121
1642,474
4790,200
245,320
4788,556
2433,784
3134,677
4611,842
1732,332
3045,786
1033,822
1552,243
416,308
3134,420
770,132
2686,535
2251,278
5567,232
330,196
4441,245
3309,702
2512,123
332,532
4786,741
5573,665
242,586
2165,784
5397,431
1993,435
4355,298
2427,512
1291,888
244,854
942,213
5132,400
2166,280
5308,665
860,603
4959,709
3400,726
328,79
3219,648
1733,862
5395,833
5483,531
1472,214
4874,450
2162,156
1474,549
2165,244
1729,886
1552,296
2425,810
5042,645
5565,125
2255,608
3483,499
3219,182
864,420
3222,454
5486,377
4268,442
70,244
3131,768
1553,548
1373,192
2078,101
68,380
235,392
5132,272
5478,114
5395,622
2172,530
5043,362
3131,486
154,691
2774,402
2169,462
1292,816
4273,196
862,652
5219,463
3044,807
4099,399
4875,399
5218,485
5040,485
3130,717
4012,566
1202,198
2773,627
4268,499
1029,361
4354,221
154,358
5043,726
4100,626
1472,260
2958,599
3747,456
777,650
1817,66
1120,613
3757,101
1733,178
3044,447
2167,752
2688,517
2603,885
3923,445
4794,353
585,753
2081,300
774,257
1202,637
1727,604
3308,742
1297,735
4697,725
3577,606
2687,272
3217,387
4614,216
675,896
769,293
2869,865
4097,467
2074,736
3664,501
157,592
5565,97
1987,456
4793,141
241,149
417,374
2870,562
3039,411
241,765
5135,213
1992,536
5482,94
3307,639
2686,328
5222,439
1815,470
5130,119
2600,429
1032,780
682,278
1470,148
243,679
5393,750
1202,150
3307,163
1641,801
4613,559
3396,851
2338,647
2956,387
4008,652
3305,406
1202,304
4787,828
5216,716
1643,220
1473,118
4873,638
2872,227
5129,426
3576,309
67,169
4187,542
3748,354
2075,351
679,538
3045,537
2075,248
3750,481
2340,339
2954,843
1209,451
772,509
2692,643
4098,786
2606,116
2773,74
3042,109
1379,832
2165,219
1030,659
5041,272
1552,828
2692,241
2775,106
4701,512
65,340
2165,645
5571,482
3138,161
2509,433
2774,877
4272,742
2425,727
4445,401
2869,95
4180,171
505,921
943,540
2601,690
504,730
4438,908
2871,700
4182,781
503,821
775,611
4705,163
506,476
3048,214
2512,388
4531,444
2598,761
3577,767
5569,343
2767,858
3307,616
855,817
858,734
2165,482
240,911
2689,695
4959,621
2514,764
2509,539
3924,122
5220,113
2256,793
3220,250
1115,816
1378,355
417,143
418,782
505,76
2248,667
416,674
1815,544
331,674
4013,108
946,913
3839,764
1644,319
1993,690
1900,832
2427,130
5129,688
2954,469
3309,118
1033,887
4103,330
2424,196
3399,115
5222,690
5223,850
4790,676
5216,366
2688,659
3396,449
591,181
1033,796
3838,198
3219,310
3919,843
683,653
2164,134
4181,698
4191,270
2954,342
2251,259
4875,75
4182,293
2511,556
3925,255
593,43
2338,377
4525,310
4350,511
4268,599
4010,433
4532,627
3578,653
3664,278
2606,62
1908,516
852,291
5128,594
147,261
4439,684
1904,167
4874,532
3221,364
4270,153
2952,660
3305,142
2599,918
3044,758
2073,174
4011,499
1295,590
1033,147
238,208
4436,415
4351,611
152,240
4355,394
943,338
3043,695
1377,746
5568,461
2340,162
3133,127
3396,86
5129,550
3838,737
2250,695
2250,522
4354,826
4268,339
5219,924
2599,650
4183,347
1993,660
5041,388
5310,274
3479,616
1290,189
591,389
421,487
2775,336
1552,373
2603,276
3661,358
1118,168
1472,584
2598,398
937,838
2869,619
1558,144
3126,794
4612,170
5569,306
2868,841
1116,724
2515,591
5214,522
3215,159
5568,804
1291,864
4443,145
2599,741
155,828
854,307
950,814
2515,196
5567,71
3308,94
4524,848
1556,502
2510,728
3661,452
67,918
3745,408
3482,785
5219,554
68,845
3747,394
4706,185
4607,359
3477,862
237,555
2777,217
3838,901
1119,838
1292,398
5132,138
4791,507
5486,352
156,756
4269,477
1296,437
1815,414
4440,334
3133,842
1901,692
3752,746
1643,158
2868,637
3843,867
3219,616
4873,705
1377,422
3576,824
3220,781
1733,360
155,847
1993,413
2430,210
5308,311
5307,374
4011,380
2167,608
4700,439
4352,471
3045,620
4877,752
327,475
1377,475
2773,769
330,223
5568,644
2774,829
2775,893
505,189
1294,322
4703,358
234,75
4359,409
418,417
3921,503
416,255
3219,523
3570,567
4184,124
5389,168
2955,283
4533,84
1114,248
4701,419
4960,172
4012,705
1642,292
3836,69
1731,787
2168,859
769,159
1993,581
4178,609
5567,500
3217,201
149,301
1734,123
4961,446
5132,254
4097,701
780,593
5299,880
3920,399
2958,757
328,123
4437,465
3484,533
2075,38
3486,73
2509,799
3751,339
774,555
4959,345
3476,51
1032,718
235,192
3221,53
592,422
2957,552
1475,363
4352,745
1816,152
2511,641
855,768
2872,905
4609,883
5129,532
3661,780
3049,909
71,520
236,412
939,325
2344,425
686,53
2070,887
4356,497
2515,174
69,654
3570,112
1816,87
4011,152
1467,846
1559,115
5045,306
4960,497
2954,432
4875,277
413,658
680,679
3394,564
152,664
2339,515
1902,614
504,496
1033,542
329,599
1115,130
1472,730
1557,352
2169,589
2253,361
3662,251
1641,203
855,838
3838,460
5395,809
946,71
4527,578
4613,329
5566,411
4096,265
2005,731
4875,293
5483,335
5391,350
148,881
238,451
4265,266
2869,777
1994,237
4442,659
3484,550
1298,481
5568,279
417,882
1815,529
1641,565
4007,752
157,556
4528,737
589,573
66,489
418,166
4614,80
4185,412
677,782
945,174
2166,414
419,761
1555,275
2694,96
1899,879
4877,105
4181,738
4788,716
2870,657
777,834
1206,238
1466,830
5396,215
155,781
5305,749
76,630
1907,118
2510,863
4531,748
5567,613
678,424
856,346
3839,783
3837,154
4262,826
1811,737
4967,474
4351,317
2771,568
1819,207
66,828
5308,454
3751,182
1380,628
4092,903
858,475
1203,123
3925,198
4613,623
4872,362
5304,164
3576,344
3575,525
4096,365
4690,610
4442,626
506,265
3394,222
2770,521
2252,754
1644,381
3397,244
240,797
3580,452
4270,173
1471,660
1293,502
4613,97
5478,317
2511,818
5133,864
3036,501
2686,429
1646,694
3577,262
2430,763
4782,853
153,98
4873,769
244,699
3838,849
1904,156
4876,211
153,146
4962,818
2341,58
5214,745
3834,445
4700,657
5044,93
65,301
74,714
2077,222
1294,259
1990,481
2165,509
2340,408
504,571
4184,497
504,548
769,112
4266,249
154,384
5046,108
501,905
2869,457
3477,373
3304,367
1202,385
772,97
3836,506
2949,329
510,281
4093,592
1040,527
1381,440
1288,701
3398,465
2254,552
4958,574
498,796
3398,694
1038,924
2870,152
4611,510
3307,203
2424,320
5218,268
1467,380
3485,689
3841,830
1644,66
2685,672
3576,171
4012,831
947,84
4790,248
1903,672
2512,290
1119,374
4963,911
4957,807
504,605
4008,923
1732,724
2343,451
1113,303
1206,364
1469,428
1292,358
3660,304
1205,168
861,565
3220,130
1118,185
1641,144
1035,625
4792,85
1206,220
1375,462
4706,199
4527,864
1121,290
5479,224
3219,471
3752,574
3578,246
4701,344
772,816
4097,384
3132,345
5567,397
508,215
417,77
5043,879
3839,624
1902,795
1379,284
3478,233
237,506
2427,98
589,621
2252,386
3662,438
4440,531
3397,305
5562,572
1649,82
2429,72
3130,93
4183,528
5042,329
2772,718
2872,504
4874,116
3751,254
5130,838
5046,251
4101,671
3923,107
3751,122
4790,488
3043,308
2601,780
2168,622
5305,805
331,841
1902,655
4959,540
3221,865
1379,611
5044,294
157,417
941,161
1732,455
2694,405
1735,246
240,821
3748,242
1904,57
4611,716
4526,612
3658,520
1992,319
1816,803
1299,544
3221,114
1206,911
948,597
5308,495
2872,132
154,637
674,860
330,263
4015,94
4007,850
1550,263
3476,681
2599,384
2779,708
682,300
67,118
2774,134
1378,166
1033,729
1374,302
321,111
3750,199
4011,250
1377,117
590,518
2599,807
1555,439
1727,711
2247,477
1117,551
5151,107
4353,656
2165,113
2426,892
5392,552
3394,198
3127,625
2600,306
1641,398
3577,329
597,412
2338,838
4963,402
328,853
4346,563
1641,784
1818,446
945,716
3044,352
2686,570
240,614
4791,423
4008,550
4184,238
1815,667
2750,67
152,489
418,97
4355,688
3307,226
2252,295
1814,427
68,104
1470,886
681,314
62,286
590,897
414,807
3042,468
1992,516
1818,653
2253,417
853,497
4443,738
2428,907
5130,727
4527,659
156,72
594,347
4350,350
3662,379
947,728
4099,582
4963,554
5565,887
2772,555
3307,913
1380,134
2874,888
1292,287
3041,327
2077,210
1381,151
3307,798
3835,138
4610,639
4182,487
1477,525
65,549
2246,586
3393,148
4443,274
4184,398
2432,605
237,494
3219,489
676,573
675,436
4795,114
5128,239
4879,192
1655,58
1375,892
5482,464
1033,390
4704,138
679,668
3577,194
3223,666
3130,743
861,713
597,227
1645,176
1731,446
2075,504
5046,206
2775,680
2076,686
3570,389
4183,713
1290,778
2956,773
4100,660
3750,564
3922,484
4269,705
5047,122
4960,412
5481,655
1376,211
4186,252
3392,678
3753,836
5045,416
1906,859
2955,503
4356,582
1310,717
5307,720
332,10
598,653
323,254
5304,773
1291,719
5214,539
1556,312
4786,475
67,698
3661,195
857,461
4959,859
2365,215
1891,860
1557,454
4096,502
1991,557
1204,424
5305,580
4354,708
679,144
3921,747
4528,701
3661,233
1294,172
1819,314
2951,266
1556,329
2254,302
681,473
1474,513
2680,590
3750,138
5393,650
5477,186
3398,289
850,367
1894,625
2867,296
589,553
5307,789
948,796
4876,130
1910,738
5130,825
66,575
2870,728
5312,472
1906,137
5045,862
4965,462
146,771
1033,636
1732,237
4011,239
328,656
3311,443
2687,394
2603,134
1899,213
4609,588
2433,311
864,441
957,665
1642,306
2513,835
2073,858
2954,489
3041,526
1113,385
5478,172
2338,67
1816,496
1818,792
5485,476
1284,513
4788,845
5225,755
3664,136
941,583
3126,900
4011,205
4350,339
241,623
3921,764
861,584
679,741
591,330
1975,850
2693,599
1031,379
1393,203
1893,811
603,240
1379,794
2777,539
5217,643
5217,286
1910,715
3661,319
325,617
4278,818
596,164
956,162
4788,399
955,212
1120,274
2346,993
4352,635
1714,991
1730,323
954,48
408,284
598,493
5391,366
4095,836
1118,264
1816,329
4178,806
4345,486
1281,848
955,236
1908,624
1905,26
1548,6
956,836
4613,111
861,360
3661,183
52,10
4352,725
4356,568
3311,812
1204,182
586,610
1474,489
4956,357
3574,441
675,873
772,577
3046,492
1911,90
4280,601
3485,153
4612,814
507,586
4353,264
