meioX,meioY
4891,409
779,564
2710,742
2443,712
4890,320
4719,567
5148,626
5404,841
3147,222
2794,63
4283,135
2882,789
2181,867
2090,886
1734,433
2969,692
4973,298
5237,611
2180,368
4541,808
4804,471
859,877
3415,354
2539,276
3059,379
1738,67
1300,674
1475,835
1828,756
4542,108
512,637
2529,502
2967,267
1125,234
1038,346
2795,200
2539,376
333,204
3585,241
690,515
2797,171
3506,912
2441,268
1474,546
2353,402
682,53
5319,560
3588,818
5318,488
3142,672
430,902
3939,542
72,470
3147,581
3150,103
3330,805
2528,807
2707,781
3938,719
2712,120
1564,518
1557,813
157,730
4201,583
513,186
242,389
1733,722
5147,742
1216,458
1472,734
1307,639
5231,252
1828,79
2713,65
692,730
163,130
5583,856
2355,900
2535,624
2711,39
4715,48
781,147
512,421
2539,324
3147,504
425,386
3415,607
4542,432
2356,256
2795,690
1827,595
161,472
2883,456
2357,79
426,532
2180,710
4202,726
2625,434
2621,49
948,890
3425,526
5236,127
333,287
2970,218
4889,606
5053,270
3059,778
3419,732
5060,237
5238,805
3844,314
2264,830
4805,584
5499,387
1124,742
5412,892
1827,853
4974,903
246,577
514,579
2091,396
2007,864
2188,51
2351,289
3053,681
3334,878
2443,829
2789,865
5494,75
4883,829
4542,714
3243,912
1476,288
3757,618
2090,829
3589,71
249,71
2709,526
3416,875
4894,35
4891,256
247,160
3143,324
3672,876
1829,792
4030,641
3151,151
153,791
2006,74
5410,483
3506,269
3760,725
2270,616
2619,249
3664,586
1733,483
2095,325
1476,653
5498,491
2799,89
4030,894
2266,544
3136,924
3419,403
4894,140
5579,383
1559,772
5318,821
1563,181
4720,112
4717,780
3057,349
5491,683
3246,453
2003,375
1646,851
5150,57
2797,556
3498,873
3244,79
5235,642
2268,91
5405,130
782,283
5060,320
776,769
4894,236
3241,210
4199,795
3505,787
2440,170
4720,424
5062,779
1387,560
4804,894
5582,783
2617,622
4804,555
2793,365
3589,889
5318,605
242,511
4722,150
2533,356
3149,124
1649,710
1303,861
2538,126
1732,95
2797,281
1213,566
3670,709
3583,377
4453,210
5146,477
1554,600
1919,84
2627,136
2710,244
1651,228
3243,581
5496,248
4808,264
2264,461
5235,901
2966,739
3417,175
1385,56
1475,435
4536,144
5320,118
4891,676
4716,286
4977,144
164,911
1557,574
2538,82
773,488
2356,118
337,707
2532,566
1737,526
4450,84
1390,467
4976,332
597,417
3060,103
2093,107
4026,767
2178,434
5061,64
1738,232
1738,263
4628,97
5321,451
3057,859
3144,196
1918,488
1650,106
1919,790
1560,397
2439,105
5580,364
2180,128
1559,677
4713,912
336,331
3851,759
2622,344
1037,111
1922,823
2795,228
4543,668
2795,711
4455,759
3503,555
4804,166
951,195
2537,155
4546,553
2093,486
685,614
1922,67
1829,660
2890,501
3240,738
1299,345
4892,728
4805,317
4893,190
3422,821
2181,77
244,345
4452,839
2710,873
1128,146
157,109
3056,74
3507,666
4970,787
5405,654
1387,222
4976,468
4201,509
866,135
688,106
2894,120
337,650
2011,337
4198,29
1476,593
243,668
3058,731
2795,603
2180,298
4203,666
5236,537
684,399
2966,834
514,105
2796,313
4891,873
603,214
156,308
1921,721
2626,405
779,340
2708,464
3061,453
2094,802
1739,364
155,876
4973,685
72,394
1648,272
3242,658
3057,904
4972,810
1481,344
2094,732
3503,850
1834,431
1390,618
3236,251
424,438
3057,475
2969,516
2790,886
1039,579
4630,526
4806,804
2888,185
3054,829
516,809
1121,515
780,897
2442,871
5146,294
4541,223
1645,780
3582,856
5056,679
5310,747
3142,412
2619,883
2790,822
3587,587
861,551
4806,505
1644,799
948,526
1218,313
2090,350
867,490
601,172
3232,498
3938,831
2622,216
4456,722
2261,667
1827,295
245,276
3143,863
511,841
5495,325
4206,95
2088,270
5144,228
157,342
1476,136
3760,560
3244,113
4454,801
2884,882
1829,117
5493,882
4547,601
4715,874
5321,645
2011,253
2520,784
2888,716
4035,580
604,281
953,270
3506,768
1919,771
3853,344
1302,602
71,629
2885,569
3757,421
5497,708
3669,665
2884,355
3421,70
3507,334
427,573
3503,681
781,613
4204,113
2446,531
2181,255
4279,865
2708,891
70,425
2004,103
4627,911
241,472
690,869
2181,782
2091,369
5577,625
3145,392
1646,83
2438,199
2359,532
2181,343
3939,620
783,515
1304,748
1564,105
948,864
3934,863
5230,338
5142,815
4453,118
2877,659
946,395
2092,852
4890,515
5580,462
76,558
4714,506
330,503
1648,392
1131,472
1652,496
1647,67
3323,696
2440,472
246,721
4719,628
5581,692
5406,737
2352,682
4718,345
75,141
3331,189
3506,578
4027,690
3053,658
3420,678
2091,769
4117,67
5317,628
1831,631
5493,516
244,917
334,540
3584,695
600,770
4894,458
4974,431
4629,119
5409,559
1385,106
2803,246
1215,132
2350,142
1737,843
2091,203
4718,194
2882,334
427,74
5316,179
4201,288
1038,437
1475,386
1474,230
3416,33
4278,689
777,225
2010,593
1736,601
5149,837
2527,412
4892,69
1918,543
5496,437
4541,458
3060,207
1917,219
4280,832
3852,643
3420,787
2089,39
1914,632
3148,434
335,630
2091,466
3418,568
517,344
2883,915
421,482
1040,248
2440,655
2354,331
2182,615
5239,187
3143,735
2620,324
4455,919
954,62
1036,759
690,913
3764,210
1304,474
5231,832
4281,661
1039,510
333,459
424,461
866,516
1829,521
5146,552
158,418
1560,749
4540,884
4199,266
4809,237
4970,394
5321,770
244,535
5409,84
2005,828
4973,570
4810,106
2880,424
2796,463
5057,613
4026,397
3418,219
1125,345
3062,161
4281,763
2355,379
865,818
2091,184
3852,550
3584,405
429,209
1915,851
1216,381
1829,714
331,383
5494,32
780,378
604,856
776,634
2889,214
3761,829
949,434
4207,72
3327,266
246,202
3588,167
1827,361
689,890
3331,455
4451,447
3582,516
5059,897
1305,402
1734,569
5581,48
4542,325
2542,208
1741,585
606,897
5055,591
1473,777
1477,566
158,824
245,620
3240,348
686,678
1129,909
1038,645
1557,308
158,546
3245,327
601,91
2004,677
4889,625
4628,759
1389,749
1913,566
2182,234
861,740
5146,792
3242,422
4806,408
4633,548
426,180
3418,202
1645,740
4977,530
4889,802
2088,584
5148,106
2794,425
2963,296
3246,855
3500,90
4032,305
3938,236
1132,395
2086,151
1037,794
2626,506
1735,666
5403,172
2538,675
2356,469
1829,384
5147,898
3762,268
4891,114
2183,744
4201,472
3059,640
3587,479
1126,827
953,765
4719,593
4111,599
4202,688
1129,362
5406,687
3759,523
3333,374
607,54
2265,242
1126,271
856,383
3245,383
4027,815
1734,630
2264,304
4971,204
2879,393
2706,706
2178,182
4628,866
5403,238
3945,103
1300,492
3843,292
1828,408
3845,887
3503,615
4631,452
3940,770
2444,557
5405,509
4364,758
1123,99
946,287
3847,435
1481,194
4808,135
2003,487
5500,417
3415,135
1302,555
946,84
5327,247
3584,331
429,327
2180,449
3845,924
2445,396
3414,648
3671,107
3935,403
3757,857
5322,347
513,679
3667,219
1735,795
1036,153
155,591
598,663
2425,244
2262,876
5056,292
4281,298
1124,781
2440,512
3757,654
1563,156
4199,852
5235,726
5237,477
949,733
2529,600
5059,372
70,370
158,646
3847,842
4628,385
1219,652
2265,801
2886,81
2794,333
4205,210
1038,453
3143,478
3939,356
2969,779
4635,406
3244,619
1476,97
3500,145
783,259
428,235
4360,321
4811,65
5318,901
778,736
3852,576
4979,867
5235,385
1303,902
3666,625
602,833
2357,850
3502,638
3149,538
4718,265
516,737
867,333
947,462
4022,669
1560,238
4202,760
1558,462
76,650
424,614
3580,131
1831,158
2967,351
509,364
5404,363
4369,619
2710,436
1039,694
1734,315
688,750
4541,191
513,295
1646,448
4457,565
5058,751
864,278
602,517
4452,383
1214,410
5582,759
1910,654
689,567
1220,679
1833,270
2973,598
947,337
5147,690
3330,440
691,164
4284,405
3503,459
3748,90
2889,288
2267,281
4969,649
2352,728
2184,105
4267,567
1918,195
3934,661
1388,694
3590,496
245,247
3850,684
782,193
3937,905
1913,295
1558,896
3055,504
1215,775
2531,864
3056,537
5580,675
514,486
2708,635
5230,316
5412,189
4798,688
1828,249
1126,570
2964,765
1387,712
5577,526
334,124
4546,379
3758,454
4890,441
1125,533
2442,446
2620,560
1034,390
1918,687
4117,293
246,769
1562,67
2867,507
4366,738
4373,309
4635,471
4810,343
2707,807
4634,246
2354,793
2535,884
2093,699
3751,298
1300,528
156,384
3507,526
4277,850
1214,60
4028,366
4895,90
4276,523
165,396
861,572
3418,379
2620,101
4540,272
3941,789
3054,285
1124,643
3336,309
3581,763
1471,859
596,566
5146,376
5147,668
5317,329
862,701
4117,827
2969,558
334,109
5493,15
3587,628
4365,487
1731,778
1650,625
5405,294
4626,355
5365,33
2714,352
1217,816
157,810
1388,765
4484,444
1129,622
4283,251
4791,477
5150,195
3675,268
332,890
1303,885
4634,430
427,752
5058,491
1388,855
686,182
688,300
2357,873
4365,453
5579,603
2622,303
3142,710
3055,239
2006,186
3759,471
3147,822
3326,907
3759,812
688,135
1734,812
4063,119
73,846
1652,338
3056,565
3330,584
1307,579
4973,220
3145,609
4030,842
3244,402
4025,222
4806,28
1561,349
2444,780
1214,854
4452,171
244,140
3243,310
861,303
3243,595
2878,606
3757,794
3670,328
1828,25
566,238
4630,192
3142,804
2871,725
2529,464
3587,301
3846,905
5235,365
69,353
1218,227
5582,584
2269,411
5317,151
75,446
4541,773
2268,168
2181,498
1648,359
2443,375
3141,555
5230,411
2971,401
2089,607
5578,547
686,275
3329,653
2965,418
3944,274
1475,261
3939,325
2708,314
1652,583
2003,438
1477,171
2978,662
3327,757
5323,399
1037,534
5316,851
1037,127
3414,121
3421,257
3669,381
1300,729
79,296
2263,857
2354,506
949,627
1219,170
4117,423
5501,191
1911,904
5055,472
518,255
245,427
4366,427
1830,502
3675,527
2620,803
5141,278
2883,863
603,326
4451,238
4370,397
5493,219
5141,343
1125,876
5409,416
2716,330
1739,327
2537,237
3329,599
4030,511
2003,547
5146,536
4116,786
1218,757
2090,636
3667,171
1041,89
5581,417
5314,533
329,819
1473,487
603,597
2790,805
859,617
70,698
861,640
1917,310
5233,755
868,157
1651,564
684,427
2622,114
859,404
2359,189
689,806
2005,229
3667,440
245,225
1131,455
2304,759
4454,886
1916,411
2264,638
1037,551
5485,413
1385,408
3753,774
1550,216
690,257
3674,143
2709,687
244,699
688,786
4717,747
514,897
1645,658
5323,700
5490,860
777,95
2442,317
4715,307
2963,480
1826,210
516,789
3503,418
4030,115
3582,551
3238,819
4973,113
4625,631
4971,501
3938,495
2869,612
781,176
604,649
862,469
514,541
2012,762
1931,648
968,285
948,835
3238,139
3059,520
4554,922
951,673
3422,272
779,808
76,79
515,470
157,612
2434,630
77,268
2798,443
2266,147
4282,443
3853,163
3582,195
4031,184
4201,836
2004,122
3329,734
3419,471
3957,491
4450,327
5146,322
2886,103
2180,484
1390,375
2093,541
3406,493
5326,48
3332,108
2625,279
3937,465
3853,75
1913,272
4542,509
4109,575
156,523
1122,407
4791,269
4365,343
687,714
2714,576
4118,526
3330,327
339,866
4368,239
4371,224
2185,205
2258,731
779,829
4114,447
5058,875
2531,550
428,852
3854,485
4457,469
2354,174
1650,611
78,257
4367,682
156,288
1830,193
5147,862
3673,474
1559,278
4282,893
427,828
3853,808
3670,774
4282,322
4806,534
3333,419
3059,296
780,244
597,731
603,490
2357,215
1918,433
1474,872
5061,405
2356,762
4206,612
4356,195
339,751
5578,441
4116,675
864,590
1732,827
4116,800
4026,534
2873,110
5056,847
5579,722
2796,514
3964,606
5316,225
1383,586
4283,914
2432,920
4126,837
3852,499
4714,370
5580,565
4204,190
2715,589
4622,649
243,687
4204,449
4202,435
427,117
4115,745
5489,197
70,825
76,164
4132,372
865,447
3844,791
5408,338
1124,665
4359,272
970,330
4716,463
603,812
4024,347
2970,622
3854,244
4034,254
4328,575
1299,788
2276,742
426,682
1039,177
4793,341
1562,83
5154,125
2115,697
4307,431
4794,146
2872,289
516,720
5148,138
1387,838
4202,644
2793,903
1213,837
4036,269
967,87
3331,554
4371,575
4284,352
5497,624
2873,433
1473,500
1216,196
2181,657
4116,386
4282,224
969,378
4544,364
2706,625
3833,482
3762,898
2001,777
689,698
596,611
1305,698
4116,644
4454,355
4638,824
3844,827
3939,203
4467,311
3659,805
2353,490
4793,101
942,378
613,231
1123,680
2967,546
1123,893
4262,458
3585,111
4448,312
5323,422
1301,709
4711,845
4626,318
4202,357
427,100
3675,812
2269,383
4363,596
4793,810
5412,527
2426,765
580,453
3236,831
240,413
1474,374
2960,438
4080,273
4973,513
3966,149
1130,593
4626,301
2365,971
3833,392
1926,337
3662,155
1926,499
523,769
2873,571
3933,377
4027,446
3834,892
1478,112
778,842
1733,764
5500,567
4803,726
4466,540
4811,652
4286,643
3852,146
3770,413
965,269
1305,798
1936,626
3854,226
3956,650
2872,603
5318,511
860,346
4793,174
1214,92
965,60
3676,235
4466,954
2350,660
1305,438
4369,360
5229,151
2965,321
1644,324
4630,183
3831,495
3949,188
778,325
5578,648
3849,394
5147,213
4281,269
3836,147
2266,355
3502,442
4804,47
2623,201
2444,616
3325,538
3832,229
4456,686
1927,316
4115,693
966,450
5065,416
1391,654
2966,339
