meioX,meioY
4540,156
1299,905
4804,587
4717,142
5577,243
1475,693
2441,85
4546,908
4630,109
1213,86
75,241
4027,233
1387,161
69,653
4626,734
3421,98
3418,528
335,917
517,581
2357,306
5233,263
3139,906
779,103
2706,214
3328,877
1297,229
2357,235
2521,545
4624,827
3145,220
1647,759
3330,100
2088,523
4192,351
1918,585
1832,757
2882,702
3245,106
2444,184
4028,434
4117,609
4457,454
4627,151
4276,655
160,134
2706,267
1999,805
685,126
2615,754
1828,540
157,305
4114,206
3759,826
243,918
2707,537
5145,922
3849,92
4368,842
4115,870
3757,900
3418,287
512,370
2093,747
5405,652
3758,867
4884,869
3238,814
949,350
1830,171
1125,843
1731,500
5142,474
4454,902
4714,510
5576,855
2699,654
5579,722
1037,125
1037,248
3141,470
606,849
71,295
1918,640
2883,807
3243,884
4281,844
5321,878
1039,299
4971,513
5317,688
3049,892
4279,290
2531,122
4452,121
3937,474
1300,202
3414,699
1386,199
2698,736
4543,495
863,76
2790,910
153,442
772,724
4541,383
5496,413
2963,345
3326,645
4802,173
2881,785
429,700
3936,380
2092,558
2354,591
683,403
1553,200
4800,638
1733,824
1213,265
4117,563
3670,187
333,538
1475,236
2703,843
2094,205
4978,185
2704,558
1389,628
3056,110
4278,808
71,327
4364,517
2783,707
5054,137
2618,869
3757,580
5581,904
1645,896
247,320
4544,197
1119,704
1381,659
3502,401
1032,678
1555,376
4544,556
5494,107
948,820
2350,262
5230,899
2790,322
1476,115
5057,203
859,471
3139,707
1915,617
4198,442
426,102
3502,302
4970,670
4455,198
2444,248
3754,185
2966,785
2440,842
1474,515
4539,471
3053,151
3939,136
5578,536
2704,98
3332,817
1477,181
2966,192
3139,602
5410,188
3328,498
2965,285
4194,761
3757,119
2528,757
1382,377
1831,43
3327,552
2786,71
4714,90
3053,368
5233,834
3582,380
1213,290
1919,912
3054,489
2791,788
5050,808
2788,885
2787,220
1733,238
4625,255
3842,380
2094,420
2703,116
4715,677
2001,573
2090,298
2965,427
776,141
1300,52
2448,357
4710,858
1735,140
3054,932
2529,797
3330,701
2701,808
3582,277
1647,846
3056,431
1215,244
2003,515
333,810
2178,900
2528,189
1916,850
1212,472
5581,675
2616,87
3497,590
4022,911
2092,227
5493,587
2615,395
1557,897
2264,876
2003,762
3667,588
3334,173
1915,112
3842,738
3328,326
1298,518
1128,904
5054,750
4363,254
518,658
1557,589
427,603
2528,89
1476,346
245,529
3239,613
3240,80
4716,923
5059,179
609,304
3937,215
1210,411
3239,463
1125,271
3666,637
4363,215
4712,897
1127,349
5403,811
2529,641
3419,504
3141,767
4028,845
1916,53
2094,652
4885,567
2266,150
947,595
2526,241
1303,604
329,894
158,699
3418,868
1647,89
336,387
1829,627
3241,431
2967,722
3053,777
1477,619
2352,646
4203,618
853,601
4280,725
4891,154
2618,161
69,836
2353,767
5055,110
1037,634
5143,708
1917,87
3328,357
4199,264
3666,144
1384,272
1474,483
5142,530
2003,208
517,824
1033,903
3845,198
2089,688
4364,285
2007,917
3058,210
4201,102
2787,458
2523,897
5231,212
3936,874
4888,136
3756,419
1646,670
4807,483
71,796
429,454
3328,214
244,425
1036,352
5578,335
515,641
68,948
1646,177
690,207
1124,546
3416,157
2265,534
1299,682
4627,591
3137,580
4282,352
2793,512
1477,879
866,218
3935,327
152,910
3051,226
777,346
4115,360
2181,512
1646,346
3500,612
2704,508
5410,391
4365,450
4026,263
3580,487
2961,618
4541,796
1299,855
1831,448
1301,393
150,470
5407,760
2091,366
3140,854
1474,534
3137,547
3939,607
428,660
514,274
5584,759
3411,664
243,227
4968,455
429,477
4713,706
156,232
4116,483
1129,446
2439,157
2963,314
1915,387
5493,701
2176,399
335,356
3054,314
1477,379
3756,522
1736,294
2176,454
3049,390
2785,547
1300,777
1385,306
5500,436
4201,284
2612,611
2533,274
432,641
2091,53
2177,694
5410,452
3575,903
1830,95
2177,671
1560,70
430,563
73,199
2614,252
1116,872
5051,526
864,115
2355,179
3142,636
4024,556
858,272
69,723
3583,561
2790,431
3845,770
3055,803
3138,690
243,129
1829,217
4283,395
2782,637
5232,421
2615,895
2355,117
3937,267
1732,103
4544,824
1923,265
331,713
2440,602
517,921
852,494
1476,824
5145,121
4544,707
947,690
1213,762
2526,491
946,904
1560,673
4967,713
4453,554
5403,782
3672,313
1561,873
5581,95
5321,242
515,429
3416,732
1212,109
2526,345
1476,455
3238,219
1127,58
331,626
5499,173
1641,127
4539,600
1299,877
2181,231
2349,671
331,775
3584,886
3505,246
2089,448
1474,638
5315,776
2703,603
2701,624
3843,869
2785,668
2702,445
3416,198
691,657
3241,933
4025,466
2009,715
855,889
948,124
1734,352
428,543
3939,553
605,469
4711,290
1920,878
1032,506
607,887
3410,622
2612,565
3580,679
3668,286
4114,338
3582,443
2266,817
2964,407
1120,397
1559,830
1300,171
1736,215
3053,410
3140,173
2964,100
428,315
70,480
2005,428
4713,211
4893,246
426,794
2610,790
690,808
2525,709
1832,191
5496,310
1300,650
3846,469
5408,592
5407,221
3136,405
3939,584
771,632
3328,270
3849,347
2354,689
5492,472
4718,374
3240,324
3668,422
4625,693
2267,733
4889,443
4966,418
2087,112
4969,890
3236,653
3756,701
5493,489
2528,210
2004,187
4626,383
4200,874
1734,466
2789,91
4889,377
2525,467
2702,332
3841,147
1557,174
2262,672
3049,634
429,408
5406,279
3051,541
3843,584
2618,336
3583,802
3502,920
4030,766
5581,302
1124,514
690,738
1384,334
2353,405
946,443
2089,790
4025,516
1301,463
1384,596
4547,228
4027,90
5230,390
1918,408
1381,437
1641,328
156,564
686,847
1732,623
2348,458
1038,272
778,306
4540,100
1033,836
2793,280
692,102
3758,627
5579,499
1646,223
5147,227
2787,844
947,870
4627,496
3843,902
1831,333
1561,615
2439,498
3414,462
73,171
427,281
1383,902
4109,165
2350,894
3845,655
518,775
2881,269
2879,400
4024,620
1119,428
4364,663
948,634
2179,299
2527,920
691,357
3934,287
2003,126
1648,399
1124,92
3937,436
5054,431
4279,127
2963,465
2178,586
5229,667
2883,192
4273,680
3333,148
1212,362
2013,170
158,842
5317,740
4281,544
242,894
4456,412
2884,480
1829,584
5405,474
2962,596
3938,164
1562,430
5489,839
4713,781
4457,621
4281,378
1838,523
2445,758
1123,496
519,537
2090,341
1643,624
244,568
2443,648
3239,545
775,882
156,280
3142,247
4453,148
690,467
4626,416
1919,452
3245,153
4891,507
5232,371
3582,135
1555,244
3239,278
1384,97
3055,457
2616,470
1384,518
1299,119
3666,903
1474,311
152,256
5314,421
4886,941
1036,745
71,871
2964,576
1827,295
4627,531
5490,920
686,599
1912,138
1736,85
4279,434
2530,161
426,888
5399,408
4033,657
600,620
4367,429
1733,124
2964,926
2786,741
5053,933
1645,370
3503,64
1831,567
515,946
4545,689
3237,237
4971,864
429,844
1643,433
1037,224
4972,273
2884,316
2970,122
3754,142
5056,783
3141,337
1384,741
158,539
2008,631
5236,345
2181,739
5057,487
4971,778
2791,414
693,679
597,715
3417,352
947,746
5057,634
2094,93
5146,98
2184,860
1476,99
5226,570
4625,282
1034,427
247,784
4713,270
1833,711
4888,180
5493,533
4715,764
5319,376
4541,321
5318,911
4886,306
1562,354
1560,565
3050,616
1476,924
1563,329
5493,451
68,380
241,70
2965,237
3238,383
2181,249
684,177
4890,717
5233,550
3665,399
1473,263
3331,919
4629,209
1207,598
4454,168
2887,129
152,938
2092,630
62,896
4286,757
941,556
5409,341
861,721
1647,470
774,443
3667,499
3505,185
242,604
1740,696
335,609
2875,679
517,693
4111,586
68,705
3667,550
2262,713
4281,329
948,570
5144,878
4281,480
5320,823
3755,758
2611,506
5056,331
3414,640
600,354
4805,523
4117,466
154,394
857,673
2439,683
1214,318
1560,700
4716,595
5316,147
5491,731
1474,554
1297,737
3938,420
3498,671
4968,731
5320,501
2701,920
3580,618
4365,359
951,92
4026,153
2426,221
1118,769
2264,477
5226,507
3585,115
4028,698
1210,344
3324,757
2004,372
1382,405
2702,715
5141,448
5317,399
2524,321
950,333
686,550
5147,422
2355,563
3668,875
3052,587
2703,399
5145,558
604,684
774,402
3416,444
1647,801
2005,863
2882,579
4195,585
3502,335
2706,701
1643,566
3585,864
1210,777
2618,207
3577,632
2262,494
4973,333
1213,450
1477,790
603,733
5579,452
2181,348
4282,467
2704,899
5143,646
3667,95
3585,709
3665,515
3757,211
5572,581
3504,136
1301,105
5142,309
1125,466
4712,169
429,334
521,562
1557,263
1645,282
4357,127
778,919
4967,544
4971,376
3584,408
603,118
5140,741
5581,269
2969,496
4025,497
779,172
245,514
4450,283
4627,660
4117,539
605,502
4547,535
3502,821
515,124
4026,804
1208,543
1830,252
2180,784
515,445
3414,254
2263,350
5406,616
3672,110
4196,423
447,399
4171,840
4716,252
1212,658
4285,218
335,573
3665,331
689,630
2352,866
1118,633
2023,198
1834,605
2882,211
3754,734
771,379
153,343
1737,890
4891,262
4625,476
3579,776
4542,520
2704,867
3850,541
3584,848
1126,226
5319,179
3581,213
863,395
245,166
4972,246
1928,765
1645,602
2007,402
773,862
3498,874
3502,447
858,820
1214,131
4454,749
4887,829
244,765
5409,265
1035,599
4114,284
865,414
5324,544
4114,418
3499,791
71,155
606,396
776,283
4199,695
3938,738
2348,493
1300,826
2091,836
518,468
330,517
1036,532
4971,595
2267,307
5491,331
1924,187
2965,520
4110,523
603,437
4627,921
1846,986
2447,576
4804,372
4366,688
2883,97
5316,482
1129,290
2002,827
4365,765
4805,453
333,237
5055,310
5492,549
2178,105
687,709
156,643
4720,397
2783,811
5055,540
2878,425
1730,779
3936,644
3677,235
1828,858
3758,652
1829,401
4892,686
70,531
3140,830
859,378
1382,711
2871,914
4367,613
334,115
4974,129
2181,425
2444,415
4792,334
5316,357
1475,912
2613,689
2351,729
4805,504
4452,530
4973,851
2004,80
5492,894
333,445
3236,758
1646,262
2879,558
4537,859
1731,403
4026,367
1298,554
2618,443
3417,845
1210,910
5229,606
1299,152
1643,502
66,443
3142,115
4885,487
3758,772
4364,318
4371,337
5146,795
5408,376
2706,367
2178,818
3242,254
3143,449
1299,347
599,605
242,197
4027,641
2261,336
2614,715
4198,136
687,577
4449,301
4714,476
4452,809
157,786
4807,681
858,334
330,486
1037,765
4542,738
1737,574
946,256
5411,305
246,497
423,248
431,147
1387,580
5578,399
5409,320
5050,415
2889,916
4963,923
4717,649
4542,615
1035,725
604,381
2430,935
4370,403
3136,436
603,519
5230,752
605,770
5317,454
692,534
1129,134
3504,474
3844,818
3412,602
1476,404
3834,910
4710,493
155,856
2358,364
1731,337
4456,499
2180,177
1211,633
240,144
4793,668
4715,324
1555,506
5493,666
4279,415
4805,706
4535,845
4196,844
3935,814
156,213
3241,355
2442,881
4371,489
245,633
4623,353
1035,455
2262,649
2090,907
1565,473
3834,555
3235,746
2263,587
949,73
329,698
1910,323
1034,779
1035,337
3756,642
3668,267
5148,624
3238,492
4803,286
2614,227
2435,890
3503,487
2181,435
1561,300
5572,424
4886,591
3666,217
2180,157
1129,197
2879,344
2261,917
5061,390
4279,108
2614,811
517,235
3842,611
4802,431
2179,479
5228,711
2476,996
3415,587
4802,389
5143,815
5318,262
2879,498
3934,801
1559,486
5145,371
427,207
690,276
69,359
3762,230
2444,781
4113,655
3580,201
1928,328
1384,828
4546,636
2530,839
1210,516
2789,826
5058,376
3845,722
4194,544
4803,663
2267,629
596,594
4202,682
4026,739
337,264
5573,470
4803,234
5062,251
5492,284
2013,304
238,700
1917,241
782,218
5322,603
4197,658
5410,115
1300,538
242,97
2706,767
5233,454
5404,161
949,170
1561,461
2433,305
862,242
3418,390
2872,324
4792,179
331,743
3418,373
604,637
4108,701
3836,518
2262,569
4970,111
2702,756
2355,159
1826,280
517,185
5316,293
4800,243
2350,814
5408,873
2969,538
5229,692
860,556
4968,641
4201,321
946,511
4971,610
158,831
425,130
3506,348
2003,92
2965,394
4370,595
3588,768
3236,266
2162,272
595,218
5236,317
1205,715
4198,465
1383,813
4200,480
861,315
4115,405
2253,952
4630,900
2434,283
73,917
1928,302
73,549
5148,577
4793,593
604,545
1559,283
5581,139
5403,575
1649,548
3832,159
1909,766
427,771
4804,324
4458,725
2085,597
70,743
5145,500
1922,203
432,190
860,305
3843,682
602,652
242,690
4794,647
2268,443
4458,379
2266,399
4458,575
73,763
951,205
3834,593
5494,907
5493,568
4362,154
5418,952
4367,554
5406,892
4312,641
777,478
3844,599
4546,650
5323,466
594,263
4806,302
5233,623
1857,352
4300,103
2338,320
770,461
2964,939
4286,581
5414,63
1999,141
1909,305
1120,783
4793,481
2266,292
4283,204
1643,12
2338,381
5141,608
1741,785
4792,526
685,451
4114,675
5489,683
2282,79
1827,385
1032,441
2261,411
2873,103
507,199
5494,1001
944,849
338,250
4793,703
3585,697
3664,920
4365,894
4455,588
593,62
2354,801
4972,402
4790,947
951,229
664,1002
776,612
4885,320
2441,400
1382,760
1898,834
2355,351
4314,78
2003,267
5193,55
691,195
1925,55
2616,431
1911,777
5051,243
780,197
3833,872
5318,560
238,655
5233,483
