meioX,meioY
329,272
331,150
334,114
2430,777
4965,904
4533,292
3491,465
4014,898
5140,175
5398,908
2872,668
5312,623
1296,256
4619,799
5218,579
3754,145
3839,70
3481,557
4800,878
2516,139
2167,609
1825,132
4104,268
3488,343
3397,701
5485,508
2166,409
5486,636
678,546
2428,442
4271,84
5140,902
3403,623
3397,589
2249,751
3922,210
2085,129
4882,636
942,811
595,54
415,819
4443,523
2956,679
774,254
154,699
3228,802
4882,507
1645,305
156,788
2521,363
1295,46
4711,338
5311,692
1035,308
1122,695
2694,122
2692,471
3581,266
3403,351
771,190
1117,188
2606,399
5053,210
242,523
2690,232
771,728
854,197
4450,139
3487,191
2957,848
3045,375
944,166
3044,780
1293,351
5310,559
4190,465
5226,96
5225,261
4714,483
2346,906
3666,446
3838,437
413,388
325,630
2517,474
2427,903
3748,191
4103,440
1116,238
5311,851
330,772
3314,313
1206,446
1559,371
4712,655
5224,213
5139,131
4717,70
1295,317
70,71
1384,226
1909,481
2694,387
4012,161
3313,133
506,619
2523,68
3836,794
1823,417
5571,624
679,142
3485,663
237,886
3756,254
2340,156
69,648
2521,793
4964,177
5131,802
2519,732
4962,555
680,264
2694,52
3842,664
2692,516
4966,736
3137,105
2780,209
3489,141
2960,385
4270,541
2696,97
242,477
242,416
5309,668
3314,100
4889,61
3314,492
5135,761
2167,329
4619,668
1824,396
3585,366
1122,828
1733,610
2780,571
1384,836
3931,722
422,873
5223,525
2423,619
5217,382
1383,140
4529,775
777,765
771,901
152,880
2169,79
674,413
1821,636
1299,130
3575,803
2430,730
245,244
3927,168
2167,235
3044,579
2248,94
505,367
1821,722
1380,505
595,870
4358,822
4359,722
509,760
5044,744
1823,217
2605,311
4354,768
1294,773
4019,784
5139,82
1648,112
1997,634
3660,92
4271,841
3580,405
1909,366
244,612
1207,782
593,367
66,692
1558,178
5486,177
1293,831
1733,771
5399,803
858,661
854,342
4799,508
2168,746
2696,644
2780,741
3403,314
244,858
3137,558
3309,622
328,487
5222,728
417,696
157,436
1642,590
3307,81
767,364
1031,464
1908,624
1560,229
1998,757
1118,635
4355,558
2868,248
164,185
3486,594
2085,328
2515,633
4710,621
2519,451
151,657
4187,228
3399,227
3310,579
5311,432
2952,550
5566,63
5481,256
2343,103
4713,531
504,513
2692,572
946,236
243,109
3229,698
508,911
2170,816
3583,903
3837,904
3400,387
5571,593
1560,824
2874,857
2082,613
4883,738
2085,175
1125,54
2692,315
1555,722
3582,530
4529,605
4883,150
3923,758
5397,454
5398,143
5483,326
1911,100
1119,308
4883,199
950,374
4186,422
2691,267
3841,491
5134,719
1033,542
2605,162
772,600
2868,546
4876,791
4964,713
860,882
1909,743
1816,791
4448,827
772,670
2872,750
1297,375
1116,558
3134,518
5310,104
853,578
5053,414
678,196
2247,72
1731,438
2778,674
855,101
2780,832
2959,778
2777,495
3579,730
1204,720
4189,516
1645,776
1913,167
4961,69
3757,715
3040,656
4802,627
3663,698
2873,509
770,526
3577,118
4615,705
1122,729
5394,612
2165,464
1823,472
4444,317
1294,434
682,694
3929,145
2339,599
1383,592
418,355
4882,712
3046,607
1996,490
2781,417
4964,101
1121,521
1822,78
4885,656
3310,786
2781,548
4958,784
1385,103
3482,850
502,341
854,444
3399,792
3756,216
332,678
4961,375
4792,691
3314,340
240,747
2084,233
2168,700
1998,677
5573,827
4015,526
2252,827
2519,389
5311,780
2691,891
4106,670
4712,559
5044,858
1473,870
242,147
679,747
2957,74
3840,717
3665,834
4356,684
1998,593
592,243
681,107
5310,311
1031,145
1646,731
338,183
2778,629
3843,225
2611,713
3928,424
2517,554
2345,509
5567,166
2958,735
3929,264
3579,331
3663,374
158,84
242,173
1471,729
2517,755
2167,849
2251,805
2171,909
4274,210
244,789
3664,785
5574,306
3044,343
2605,776
677,828
770,412
420,65
677,498
4536,193
3840,377
4800,344
1296,475
4621,278
592,308
5219,422
5225,860
1469,366
2698,812
3047,824
5045,451
1559,285
1034,404
4717,900
5226,120
3136,354
3585,168
592,211
4104,815
149,383
3484,717
1475,290
326,911
2081,96
4186,874
4268,907
4883,853
4618,516
5311,413
4443,164
2695,414
1908,590
1644,503
4535,242
4271,640
4621,417
1119,593
2077,681
3404,816
1471,671
4710,454
4101,734
240,78
1821,536
5045,481
1119,425
152,811
4962,412
1477,641
5398,532
2611,797
2251,889
1380,177
4187,310
4357,276
1297,558
4619,597
3479,831
1120,750
3398,149
2002,52
3488,100
240,837
425,773
2776,304
1822,192
5570,125
4190,768
5312,511
3314,845
4624,728
1378,864
773,96
4883,682
4883,359
676,665
2517,501
4438,707
1911,681
422,207
505,643
1999,161
5133,410
5134,494
1729,86
2598,744
4106,766
1557,890
1297,858
417,96
1909,409
3045,876
1034,602
4796,243
773,791
2083,475
4016,132
4794,541
1558,565
3308,393
1031,431
418,427
2251,341
4444,591
5483,97
2780,446
1994,557
1297,715
3402,275
3310,171
943,67
2782,121
773,850
3138,852
940,403
1204,94
2959,611
2875,809
2515,429
4354,257
3925,807
5048,274
2610,449
67,463
2166,517
331,729
4530,527
2085,433
2958,646
413,484
5132,298
4801,576
2428,201
327,211
1206,653
4016,363
1031,693
5482,142
3128,289
944,84
1470,621
3041,83
1571,582
1558,688
3846,843
3395,887
4799,852
1474,466
1822,512
3136,893
5310,209
5486,724
1733,745
859,131
1472,567
5396,372
2871,563
1384,345
3580,233
3134,456
3310,708
1376,546
1732,565
3400,206
858,679
66,446
3479,879
5048,124
5135,679
1820,314
1997,88
2079,833
2249,153
855,159
331,355
591,784
591,604
593,522
3578,81
1293,739
4620,385
4015,57
1910,836
1734,544
4100,328
5221,297
5572,352
1029,238
2250,218
1554,502
2429,542
3755,631
772,78
5394,91
2340,776
4535,574
4963,265
5570,724
4797,426
3485,741
3132,828
4621,246
3314,262
4526,396
1558,411
4529,162
4014,216
5394,163
4621,209
326,371
511,667
5570,646
3665,577
1381,259
1378,627
4704,814
5395,322
1996,900
2429,661
2609,526
1554,634
1030,347
2874,163
1729,306
1556,321
5396,495
5306,354
2000,384
335,861
5485,120
4801,147
2604,561
2875,769
5307,831
1299,504
3311,415
1475,401
4264,732
771,882
4961,637
1732,499
1029,626
2345,580
3395,862
4014,711
505,151
4530,551
4798,315
505,131
4101,845
1468,548
1472,324
1030,807
3396,187
4441,642
3225,520
2871,86
2002,199
1210,177
334,239
152,613
2336,196
3838,196
511,718
5570,496
5132,586
4623,129
1731,286
4531,322
2780,778
2002,367
4962,139
151,359
4102,518
4184,732
2427,102
1652,370
5044,346
4531,123
1554,662
5395,71
2699,347
3931,62
2430,272
1034,380
4884,234
5573,395
5307,186
4532,374
3581,382
1731,520
508,399
2869,113
1731,386
1557,81
2517,861
4624,490
3582,492
1208,833
4013,437
5485,353
4536,926
506,265
4102,706
2955,133
2520,664
3661,199
4446,779
69,384
2957,587
5570,196
4960,480
3753,667
2519,311
1379,700
332,553
593,404
4710,280
2339,60
4620,837
592,666
1378,448
1204,752
1470,177
3843,143
1381,781
504,452
596,564
2778,359
4880,465
3576,463
2781,530
4709,360
3661,813
3750,422
4270,866
2522,331
855,367
5048,685
5221,635
3666,353
1124,677
3663,646
1206,295
1474,816
774,395
1559,785
5135,441
4534,434
767,548
4798,124
5401,828
1471,113
3132,60
1646,64
2078,815
2251,400
4533,417
336,841
5220,442
2432,358
2085,387
3841,869
4356,514
3755,273
1380,659
3397,501
2872,310
5562,229
2521,264
1646,543
5139,635
2695,190
4012,242
4532,717
4271,783
2082,289
2693,73
1557,110
3664,236
3487,214
2425,316
3488,241
5220,167
1120,159
66,900
503,837
2425,805
4884,299
4273,681
1643,629
2166,166
4882,549
2957,499
244,662
4191,659
1561,257
3926,333
948,685
3664,122
1731,662
4799,215
2002,293
4263,691
3753,56
4710,425
2085,254
1208,819
1476,490
3839,353
4960,816
2085,419
5570,770
4103,165
4956,591
1643,672
1471,510
239,339
2087,731
5481,786
1295,659
940,784
3044,264
3844,603
858,560
4354,207
4446,276
2165,293
2345,336
591,347
5133,547
334,83
1911,239
2956,281
945,290
3924,461
154,128
593,129
3669,515
1641,89
766,807
946,667
5134,353
2871,426
2166,554
946,125
4621,318
504,702
3489,417
3572,844
328,420
1119,464
678,789
773,293
2341,429
2609,92
3842,470
3750,782
1818,877
4801,723
4622,370
2603,900
3933,119
4959,616
4961,496
1737,868
5221,810
1035,674
4191,339
3490,404
1376,161
2252,420
3753,732
947,768
2782,274
240,203
2780,39
5571,686
3225,734
3753,872
676,609
1821,275
3581,184
1377,730
1650,451
3129,809
5133,532
5309,65
1823,348
4189,559
2341,848
4012,569
417,252
4443,607
1820,750
5400,680
2956,349
4709,301
4104,207
4709,382
3751,817
1206,885
4283,734
1296,214
1031,902
1294,642
4016,317
154,534
159,257
2429,851
858,833
4620,263
4534,802
1033,520
1297,678
241,574
2166,503
4186,607
4272,487
1206,310
5222,347
2956,960
3930,869
4620,574
1378,676
4356,879
1031,108
4527,649
4357,182
4184,747
4276,241
418,528
4623,550
1121,342
1644,565
4711,217
679,347
5224,655
2691,703
4711,438
1120,90
5485,880
1648,135
244,676
4187,404
1990,455
507,174
422,139
415,298
3665,218
3131,677
1998,225
242,590
5486,771
2080,879
3581,645
1821,608
3226,462
5312,810
4799,82
5486,578
2780,853
2606,290
4283,588
4964,863
4797,807
5571,549
1206,204
2697,731
5311,531
4881,436
508,200
597,113
2773,232
4708,133
1032,742
1382,71
5399,864
4887,83
4022,556
3046,246
243,633
1824,855
1736,679
4353,497
4800,791
5574,369
3928,104
2165,118
2421,143
1643,855
5051,93
677,517
3755,649
2081,76
327,807
856,747
1731,368
5047,572
5132,469
1378,362
4016,746
2346,442
4103,400
3313,228
2518,203
2083,514
2163,153
5047,546
4273,299
4708,732
4011,417
2871,708
1818,260
2165,204
5396,116
4105,646
5134,829
3582,671
3755,853
597,652
4799,403
5135,845
2871,330
4012,399
4016,202
3485,81
4711,263
2876,615
2000,186
5046,528
153,916
3133,772
1208,873
4962,514
4963,239
2870,399
1209,543
1644,886
1205,120
1028,761
3400,100
74,206
4102,629
242,310
595,486
5568,461
4956,832
67,581
1119,389
1998,274
3133,751
591,543
3306,832
862,848
2165,191
3667,757
4103,376
5393,222
68,175
679,883
2428,485
772,149
4356,333
417,592
66,242
2602,217
1209,601
5044,293
4708,767
3400,80
69,863
5047,664
4356,611
3835,745
769,441
3582,199
4183,811
4444,622
71,728
1033,862
3932,857
1731,175
505,303
1992,439
3137,643
2000,578
3921,654
5309,891
4962,844
1470,797
1382,53
5482,863
64,805
857,474
509,320
1562,275
5313,797
2609,79
152,335
946,439
1290,903
418,616
850,496
2606,479
5045,780
5222,794
1470,212
64,954
942,270
4882,264
679,806
4014,641
4525,511
243,292
591,808
5306,258
1822,333
4798,100
4709,799
2002,310
856,418
1998,258
4963,676
3486,301
682,872
1728,822
2080,799
5572,438
5046,818
1118,372
504,215
5397,190
593,624
1913,715
857,289
2339,837
1208,614
2080,752
1208,694
2606,467
3402,562
1557,773
149,627
5047,827
424,754
940,636
4447,385
67,337
3667,297
680,581
4446,741
956,633
4188,263
4357,319
5231,682
5219,487
4268,357
153,148
2601,277
4012,657
961,870
955,299
5218,922
1730,806
1471,224
70,595
5479,206
68,226
3312,212
71,357
945,108
1649,647
1648,412
327,460
153,497
4883,249
1208,363
3486,281
3222,473
2957,883
415,267
154,315
4711,241
420,605
850,403
2518,647
938,882
2345,652
5396,547
1651,281
69,127
3929,451
152,270
1380,766
154,939
411,288
4439,723
2163,100
957,282
1906,516
1292,889
2166,571
3668,177
1893,681
5051,582
4272,256
4881,426
4264,589
2428,152
591,823
2426,647
956,105
1127,401
3840,159
4531,733
4273,321
4281,692
242,220
155,554
3576,478
3927,46
5218,125
1033,877
3226,26
858,506
682,595
4184,585
5217,676
3930,286
154,473
4009,478
2429,368
858,307
682,365
5485,683
2956,264
155,111
499,895
5396,250
72,507
1296,184
2606,655
64,818
955,506
4269,454
1213,532
4269,171
5486,589
2428,495
588,160
4355,452
1737,726
2956,524
940,866
1650,869
4280,646
1723,861
427,153
1732,186
591,334
590,179
3843,755
