meioX,meioY
4885,176
4885,589
3319,134
3408,475
4967,416
4016,833
3139,425
3497,116
3759,315
67,766
2695,599
68,676
73,353
4534,220
2787,197
3670,666
2346,315
5489,123
2258,124
1643,748
1913,631
249,530
2879,583
2695,110
4450,603
5051,292
1917,441
1913,839
1918,892
3229,885
3139,348
3232,469
1119,502
4974,898
2260,217
5401,804
5486,645
770,530
945,250
4193,777
4624,341
1476,147
2786,577
4106,613
4965,557
2780,322
771,899
3585,734
157,772
5310,237
153,887
2084,759
331,121
4966,807
1473,344
3842,910
1473,266
3047,434
677,522
3494,365
5311,469
677,725
2612,210
4618,912
595,379
4796,876
2786,423
685,397
4110,501
1037,133
5226,579
5140,485
2093,72
3757,407
2165,677
2876,111
4709,709
1207,551
2087,469
5143,134
4023,332
2610,575
4965,291
2172,552
2879,401
3756,263
2959,82
3842,873
4707,794
328,629
857,508
2526,671
1295,587
423,321
4192,741
1295,435
4108,277
1823,130
1297,749
2782,796
509,905
5483,473
5229,875
4805,331
3409,699
420,716
1480,740
2341,573
2608,274
4534,514
2435,749
4019,76
1557,819
1916,552
4800,269
4622,788
2696,882
3494,508
5057,247
4714,914
1826,627
3323,376
3046,256
595,150
4193,636
2609,396
1736,98
1121,375
509,293
3048,838
4886,908
1823,281
860,214
3585,893
4970,714
1829,775
1652,496
4445,843
3929,553
242,413
677,781
4801,73
243,261
1914,403
3929,851
1558,882
5226,911
591,759
1296,256
3053,283
4536,132
5396,347
773,716
5058,543
4016,760
679,830
2341,794
4359,879
4705,435
4888,515
4368,313
4451,83
3670,287
3486,545
3318,841
2966,213
3230,636
4362,227
4624,451
2091,514
419,227
3233,296
2959,661
1121,562
3491,172
4015,287
2167,860
4104,758
2877,908
2436,181
948,137
4192,261
4105,832
5144,457
592,428
4539,105
3844,747
4883,657
2879,323
2086,218
2254,893
2521,919
3672,593
4189,329
5056,492
1379,609
2782,908
68,797
4968,490
2092,270
857,283
4190,506
2963,602
2611,604
3759,471
2346,347
4883,211
4448,909
3932,752
2878,152
1650,659
591,785
4883,296
3048,162
1296,138
947,865
3671,73
4192,657
75,397
3845,574
5141,239
421,473
509,91
4536,806
4620,232
1730,243
3931,115
3589,675
2434,691
418,419
4709,548
3932,390
2433,642
4626,892
5053,774
5226,611
5484,561
3401,66
3133,792
1555,351
328,364
5397,94
5228,760
5400,324
5138,93
3936,257
2259,834
1382,320
3756,781
413,760
2780,885
4884,565
4017,614
3231,333
3322,188
4276,417
4711,329
5232,452
947,754
4621,98
1733,798
245,118
156,548
947,708
3670,709
1033,574
3232,854
3321,520
3932,478
5141,587
4277,450
332,697
2257,813
4361,775
2252,252
3670,529
74,493
1729,481
3934,235
3928,647
1649,612
1118,812
1301,108
4538,298
4023,104
4539,348
5056,651
1205,682
2170,817
2525,223
155,327
597,850
3932,814
4796,932
3408,435
416,611
2005,528
2002,331
3407,87
3490,775
2878,839
2341,534
3050,599
1822,540
2523,835
1827,596
245,733
5232,516
2778,625
5046,862
151,125
676,677
1300,697
2003,193
421,914
1831,341
1650,336
3050,640
5312,383
333,404
2341,759
5057,394
73,235
2785,102
1119,745
2612,762
2089,628
3930,832
1478,560
2608,251
5312,733
4967,850
781,788
1384,274
153,713
5055,224
860,350
4542,157
4112,308
2613,675
2175,360
4022,461
2340,153
2879,700
417,848
3495,662
1651,635
778,359
1559,793
3408,508
4710,141
3227,365
2433,837
951,230
5312,573
5309,545
5231,115
2874,776
1213,413
415,647
2882,373
1559,459
158,442
331,280
2086,296
4970,775
3138,87
5568,74
245,687
4970,383
4882,785
3667,733
2521,338
3323,685
778,321
3489,748
2435,494
157,663
4799,897
4708,415
2343,604
1293,840
1826,458
424,95
418,281
158,361
947,182
3228,738
5574,281
2961,132
3232,161
1648,156
776,863
4281,180
4964,867
2172,255
3664,764
5398,136
1914,236
4367,726
1823,217
2521,159
4541,695
1829,698
1209,280
1385,441
862,677
3843,286
508,450
4108,140
773,288
5484,445
3231,578
4880,751
3933,791
4791,191
3584,842
3842,512
1552,852
152,266
3139,124
5486,176
775,101
4880,364
3233,260
3238,227
4706,199
3317,333
2006,508
2094,737
4282,381
1207,99
1732,642
5056,706
4544,243
1207,653
774,422
4882,464
4111,98
2870,454
1831,492
2429,268
2088,896
5315,302
776,841
1032,476
4622,259
5140,894
3582,870
2433,154
417,177
1474,682
2700,642
326,810
1207,188
680,148
5311,685
2611,138
862,900
330,201
586,656
1558,606
242,94
2258,270
3581,292
3406,127
4882,689
2876,654
5396,908
1297,611
3845,242
4452,343
2173,643
4360,367
3492,338
2961,745
1561,247
3669,425
2346,387
74,216
4191,882
1828,300
4019,169
509,243
5401,200
3840,684
3758,241
948,589
2786,486
5230,384
5137,875
3846,194
3316,417
74,466
2876,625
860,324
5313,83
2092,533
4273,605
4448,678
4886,104
328,852
1210,498
2340,701
3932,510
1731,688
2616,650
598,234
3756,706
2173,384
856,805
4193,235
950,73
4447,873
1036,205
2611,842
1036,913
1297,345
507,397
680,200
4708,665
3490,268
2438,220
1471,535
1741,260
4016,518
3053,581
4797,480
3406,347
4279,109
4709,522
3845,87
4019,213
3584,178
3848,613
2173,295
3491,820
591,107
4451,266
5056,677
1213,433
4538,635
3232,524
3932,146
862,447
419,579
4797,814
3671,548
2963,497
3227,687
4019,426
1036,443
333,451
1214,814
4018,267
336,763
3233,827
1741,142
951,510
1730,372
3845,344
3756,381
4192,467
2872,677
1032,779
1031,722
1831,195
1206,631
4619,504
1565,277
327,486
3847,118
1825,886
5574,525
1299,324
5400,393
1296,662
1918,710
2347,683
5401,278
4013,572
3496,404
1121,785
5229,244
4104,230
2524,575
5048,836
2960,562
70,435
4451,152
2610,469
4540,590
4108,652
1558,304
4191,312
2614,449
4362,193
3137,597
953,328
863,380
1558,735
3135,225
3758,604
1479,316
4799,719
3584,792
2786,657
4364,264
4797,385
4717,850
5227,474
1825,405
1477,794
1645,720
502,717
2001,76
950,829
588,802
2000,854
2431,449
3045,707
594,589
2873,864
5309,706
420,879
3405,602
4625,490
4970,757
5229,681
4276,576
4190,687
1035,663
2610,108
4536,268
679,870
3582,89
1382,785
255,68
2962,257
1210,228
1035,836
4018,590
3587,405
2252,703
1209,739
4536,546
950,303
1205,587
2704,294
4796,649
244,347
3136,286
1032,511
4883,807
5401,652
4278,820
4708,166
2169,133
3761,521
3047,659
2432,882
5481,79
1731,524
335,252
5489,794
2086,840
1646,130
3668,342
2878,754
2346,513
247,392
3932,76
3312,237
424,154
1469,811
1740,77
3490,236
4451,718
3228,431
1647,823
3931,349
3404,243
4192,898
3313,758
3403,575
5226,633
4447,555
2876,264
1206,521
1119,171
1734,822
3405,867
1645,877
1302,640
4626,537
511,695
4798,520
1383,889
1918,655
4886,892
2514,804
5144,286
2085,699
4716,93
2961,165
3312,736
776,564
678,269
3673,799
5051,572
5314,170
2520,781
679,890
1121,414
3669,152
776,666
1738,318
2341,890
5572,791
5312,404
680,127
2879,505
3933,172
3494,571
4452,239
1913,90
1382,413
1032,634
2521,97
327,302
1737,562
3231,498
3584,483
333,220
5574,447
1915,493
3141,722
2432,321
5483,583
1121,581
944,639
861,618
1123,637
4018,679
72,114
503,511
3842,467
1203,876
2523,274
1381,639
3318,74
2611,86
1295,379
3325,548
3592,446
5575,217
3406,648
1382,147
3231,391
2519,392
3492,431
4712,890
74,842
684,97
4877,835
2006,438
3407,163
1478,613
5048,893
2698,453
4274,496
4110,189
682,454
2963,931
598,615
1382,524
2251,687
4615,411
5571,97
4106,900
4190,140
4802,405
4799,222
4967,472
5571,326
4275,640
2694,415
2698,760
4454,115
1558,324
1118,449
3138,578
2264,391
4542,573
4449,655
5226,538
3495,720
3582,146
675,365
504,578
1120,91
3846,178
1293,410
1385,346
2879,192
3838,534
4712,117
1208,206
1475,833
2697,245
4445,793
2088,362
5143,685
329,176
2698,563
4365,286
2523,762
5228,819
2608,335
4278,664
3938,920
1735,504
1473,641
3405,625
419,449
511,352
1832,92
2172,103
3133,839
4364,448
773,468
5574,388
5405,471
1122,306
2523,198
3933,888
4620,589
5394,864
5565,751
3047,360
4537,920
2783,826
2697,364
1033,163
1735,171
3050,778
4802,442
5058,357
70,134
774,204
5487,370
503,842
1645,850
856,150
946,388
153,147
3935,708
4969,455
4113,412
1382,476
776,486
1383,176
1560,660
1555,118
1917,511
5407,445
782,132
1917,529
4011,659
332,315
1474,626
5400,719
2522,624
4106,394
242,774
4970,205
4266,701
856,419
4800,761
1562,80
4364,125
2957,398
5055,135
327,672
3045,208
5310,143
4968,171
2005,111
5141,201
861,696
678,425
3581,518
776,338
862,855
4106,463
73,897
2960,863
1474,499
3054,904
5572,179
2008,761
581,819
421,667
157,402
4364,410
4193,533
1558,414
2257,334
1998,899
2344,418
4712,616
4020,724
3933,331
423,362
152,852
1037,701
3846,770
1030,593
4618,660
3585,372
2785,509
1914,730
1559,433
5140,622
3663,187
4276,779
3140,170
1034,260
2881,736
1735,416
4447,779
2697,186
3311,802
330,551
333,155
775,188
1113,885
863,88
5319,105
243,607
3316,449
3758,581
5398,418
1738,441
248,371
4194,436
4190,113
3314,207
155,480
774,608
1914,776
2696,802
4626,867
4970,599
4190,835
5571,832
683,285
2431,523
3406,210
5141,407
4884,85
4366,508
4885,253
1475,523
5143,336
2778,385
2961,352
4538,719
5140,548
3231,717
3229,613
5401,162
153,201
2340,452
2609,739
2787,466
1823,51
2527,410
3841,423
2524,308
5489,267
4360,557
4279,269
507,124
1294,479
3582,537
1556,551
2261,359
5312,612
1999,739
2608,632
247,896
1918,165
862,132
2002,777
2006,828
5303,820
2093,578
5576,732
3404,536
1644,701
5310,123
1126,434
2174,226
1647,540
2089,797
2345,222
4364,651
2088,601
1827,173
4445,455
1126,245
1735,190
5479,218
2535,645
5142,786
4453,517
2700,387
2088,117
2964,781
2004,158
1380,701
4618,204
2701,473
4275,316
3335,613
5138,357
4617,397
1298,494
777,595
2437,401
1040,228
5312,491
4624,812
241,859
2437,340
3757,549
66,159
1300,525
1832,857
1384,745
2962,840
950,460
1648,379
2007,619
4543,435
5488,401
594,296
2960,329
590,708
3408,550
1737,660
1649,304
1476,894
1918,146
3494,599
3312,466
3490,842
946,447
945,364
3141,641
2787,716
4713,603
3581,637
1123,150
1913,319
3319,358
246,634
5567,654
5231,176
2965,766
2175,497
4716,303
1121,668
1470,112
509,193
1478,460
1643,220
2254,469
5483,849
4450,499
5403,532
586,982
5318,195
859,599
5573,488
67,291
3049,520
504,798
5230,142
947,546
681,566
4193,596
2788,528
2341,644
4018,363
5053,336
4793,622
682,553
3670,489
1383,871
5218,687
4285,870
3668,373
3053,91
2701,269
2610,719
4191,620
2436,415
1469,194
4360,679
5055,439
5054,471
5571,144
1735,599
2784,691
3313,567
5492,520
2523,464
2092,875
2876,521
3670,258
5231,329
4024,185
3846,810
1027,818
1212,146
3587,388
75,303
1300,462
1919,747
2876,535
594,210
3844,843
5563,562
1381,91
510,206
2257,594
2097,129
5404,577
1555,381
2254,612
419,500
2781,361
3312,611
1040,862
5565,870
3406,191
1912,356
3139,621
508,370
2255,635
5141,215
2611,801
3140,875
3761,165
2005,652
2958,474
5142,760
240,871
3958,13
2785,248
2259,491
590,694
2436,123
2005,670
2006,597
3583,428
3846,832
948,780
860,773
4015,901
3930,204
2168,512
2523,442
1295,876
5574,159
5490,902
5395,481
5058,125
951,475
3334,738
2711,827
4966,580
1561,395
2340,204
3233,195
5484,738
2520,561
2257,537
5484,817
1123,227
2958,455
505,533
4363,600
5400,557
5487,386
5303,804
2525,739
589,338
4534,756
4264,870
4539,851
3495,862
2007,244
5397,257
5050,322
2084,162
4974,642
942,79
2258,451
3913,899
3494,878
3129,498
4529,868
4798,775
1647,563
5216,320
1648,415
3663,356
2348,857
5311,884
5399,684
944,519
5408,425
683,332
2166,596
2156,987
503,616
241,814
2700,673
2173,180
2434,106
3147,923
3333,465
4448,538
4276,536
2425,577
865,786
154,415
2698,509
4191,379
594,893
2697,170
1035,853
4363,617
5404,240
2701,495
1212,862
4359,827
3764,361
3138,697
596,908
1208,125
2254,553
594,632
3053,80
4283,709
3223,773
506,566
2788,262
4447,442
4279,797
2009,365
1729,781
3415,313
2702,699
5566,309
3332,626
156,835
5579,559
3408,295
3482,735
1642,366
4625,828
3331,238
4263,362
2260,320
2092,173
4799,118
4267,388
4713,982
2007,379
2171,614
2789,841
5573,476
3843,794
5233,316
3050,681
4109,722
4625,214
4273,554
3400,307
5485,873
419,512
1384,105
5056,458
3144,498
4356,538
3049,487
495,183
5143,668
4365,112
1997,21
5229,661
5499,221
2696,723
2167,208
3754,759
5485,691
1470,453
3667,786
4972,659
2338,865
5399,669
1383,736
571,842
3331,358
3050,762
597,327
4021,378
1470,65
4363,490
4270,105
1040,242
3581,628
3330,837
859,840
3317,914
3332,798
2168,424
1922,761
2257,504
5130,265
2605,991
1647,431
3494,589
4624,325
5567,368
4708,488
942,468
241,164
